PCA_variance_1;0.610437013;0.295353813;0.030524192;0.016928593;0.009420419;0.009041745;0.007544458;0.006384814;0.005837088;0.002966714;0.002385060;0.001697744;0.001478345;0.000000002;0.000000000;0.000000000;0.000000000;0.000000000;0.000000000;0.000000000;0.000000000;0.000000000;0.000000000
PCA_singular_1;28841272.564741850;20061586.760985855;6449352.004862744;4802909.641405600;3582853.952123663;3510105.158258798;3206328.455723649;2949633.842671512;2820279.165205632;2010628.519830020;1802783.797607286;1521002.865315869;1419325.258561851;1579.836260420;357.467493853;162.697885524;130.387030125;126.707261651;103.329030207;88.719512048;85.564259416;79.551258973;72.504441062
PCA_variance_2;0.677509016;0.168276411;0.154214573
PCA_singular_2;110.741853668;55.190695905;52.834421534
ICA_error_rate_1;0.778966667;0.779200000;0.781000000;0.783233333;0.784933333;0.788400000;0.788266667;0.789166667;0.788900000;0.788666667;0.791266667;0.790166667;0.789966667;0.790733333;0.808500000;0.818066667;0.816466667;0.819700000;0.820233333;0.819800000;0.818800000;0.819633333;0.819333333
ICA_no_component_1;19
ICA_kurt1;151.411950467;4.040409752;3.728520833;14.039426888;260.239740954;1696.537434795;1.459963723;251.550305788;475.342250393;104.713375350;112.314256857;-0.123766599;174.694746696;173.530814845;5.505400093;2.752237002;133.453732350;4.470025354;183.731886745
ICA_error_rate_2;0.590558248;0.615149883;0.687488781
ICA_no_component_2;3
ICA_kurt2;16.121140543;8.327333459;14.719470298
RP_error_rate_1;0.778800000;0.778800000;0.778800000;0.778866667;0.779100000;0.780033333;0.779266667;0.782400000;0.781400000;0.781400000;0.781400000;0.782133333;0.782133333;0.782266667;0.783133333;0.784166667;0.784166667;0.784000000;0.784000000;0.784000000;0.784000000;0.784000000;0.782933333
RP_no_component_1;16
RP_recon1;0.000000000;1.000000000
RP_error_rate_2;0.590199246;0.613624125;0.679770239
RP_no_component_2;3
RP_recon2;0.000000000;1.000000000
FA_noise_1;0.993722916;0.224062365;0.522612888;0.205077843;0.999284015;0.557572270;0.357253817;0.325123285;0.269485810;0.226371431;0.344205926;0.999633789;1.000347137;1.000175476;1.000269413;0.999725342;0.999559879;1.000079155;0.999669909;1.000123680;0.999937236;1.000055522;0.999867618
FA_noise_2;0.279756877;0.254389129;0.989771515
