bank/ANN1

[  28   87  145  204  262  321  379  437  496  554  613  671  730  788
  846  905  963 1022 1080 1139 1197 1255 1314 1372 1431 1489 1548 1606
 1664 1723 1781 1840 1898 1957 2015 2073 2132 2190 2249 2307 2366 2424
 2482 2541 2599 2658 2716 2775 2833 2892]

[[0.92857143 0.96428571 0.96428571 0.96428571 0.96428571 0.89285714
  1.         1.         1.         0.92857143]
 [0.87356322 0.87356322 0.89655172 0.88505747 0.97701149 0.93103448
  0.90804598 0.90804598 0.93103448 0.93103448]
 [0.88275862 0.89655172 0.91034483 0.88965517 0.93793103 0.89655172
  0.88275862 0.88965517 0.91724138 0.89655172]
 [0.8627451  0.8872549  0.8872549  0.88235294 0.92156863 0.87254902
  0.89705882 0.87254902 0.90686275 0.85784314]
 [0.88549618 0.91984733 0.90839695 0.89694656 0.94656489 0.91603053
  0.89694656 0.90839695 0.93129771 0.89694656]
 [0.89719626 0.92523364 0.91900312 0.90342679 0.93457944 0.91900312
  0.89719626 0.90654206 0.92211838 0.89096573]
 [0.8944591  0.9182058  0.92084433 0.89709763 0.93403694 0.92348285
  0.90501319 0.90765172 0.92875989 0.88126649]
 [0.8993135  0.91533181 0.9221968  0.90160183 0.92677346 0.9221968
  0.91533181 0.90389016 0.93363844 0.88100686]
 [0.91129032 0.91935484 0.9233871  0.8891129  0.93145161 0.9233871
  0.89717742 0.90120968 0.92540323 0.88508065]
 [0.90252708 0.9133574  0.91877256 0.88808664 0.93140794 0.92418773
  0.89711191 0.90252708 0.91696751 0.8898917 ]
 [0.90375204 0.91680261 0.92006525 0.89233279 0.92822186 0.91353997
  0.89885808 0.90538336 0.91027732 0.89070147]
 [0.91207154 0.91654247 0.92399404 0.90461997 0.93293592 0.9076006
  0.90163934 0.91058122 0.91058122 0.90014903]
 [0.90547945 0.91643836 0.91643836 0.90958904 0.92876712 0.91780822
  0.89863014 0.90821918 0.89726027 0.89863014]
 [0.90609137 0.91116751 0.91624365 0.90736041 0.92766497 0.91370558
  0.89847716 0.91243655 0.9035533  0.89720812]
 [0.89834515 0.91371158 0.91843972 0.89834515 0.92553191 0.91607565
  0.90898345 0.90661939 0.91252955 0.90189125]
 [0.89723757 0.9160221  0.9160221  0.90607735 0.93038674 0.91491713
  0.91270718 0.90718232 0.90939227 0.90165746]
 [0.89615784 0.91900312 0.91173416 0.90238837 0.92523364 0.91796469
  0.90758048 0.90758048 0.91277259 0.90134995]
 [0.90019569 0.91780822 0.90508806 0.90410959 0.9295499  0.91389432
  0.90313112 0.91585127 0.90606654 0.90215264]
 [0.9        0.91574074 0.90740741 0.90277778 0.93240741 0.91481481
  0.9037037  0.91203704 0.90277778 0.91111111]
 [0.90605795 0.91483758 0.91044776 0.90430202 0.93239684 0.91220369
  0.90781387 0.91308165 0.90079017 0.90254609]
 [0.90726817 0.91896408 0.90726817 0.90726817 0.93316625 0.91562239
  0.90392648 0.91478697 0.90225564 0.90810359]
 [0.9059761  0.91713147 0.91075697 0.90756972 0.92430279 0.91075697
  0.91155378 0.91474104 0.90119522 0.90916335]
 [0.90106545 0.91933029 0.9109589  0.90639269 0.92465753 0.91171994
  0.90943683 0.91628615 0.90334855 0.90639269]
 [0.90379009 0.91836735 0.9074344  0.90670554 0.92419825 0.91180758
  0.91107872 0.9154519  0.90306122 0.90670554]
 [0.90356394 0.92243187 0.90985325 0.90775681 0.92592593 0.91055206
  0.90635919 0.91544375 0.90216632 0.90775681]
 [0.90664876 0.91873741 0.90866353 0.91202149 0.92343855 0.91537945
  0.90732035 0.91672263 0.90261921 0.90530557]
 [0.90180879 0.92118863 0.91343669 0.90762274 0.92571059 0.91602067
  0.90891473 0.91408269 0.90180879 0.90633075]
 [0.90224159 0.9128269  0.90784558 0.90660025 0.91344956 0.90971357
  0.90348692 0.91656289 0.9003736  0.90286426]
 [0.90324519 0.91225962 0.91225962 0.91586538 0.91887019 0.91105769
  0.90985577 0.91165865 0.89723558 0.91045673]
 [0.9042368  0.91294254 0.91178178 0.91062101 0.91990714 0.91178178
  0.90771909 0.91468369 0.9007545  0.91120139]
 [0.90679394 0.90960135 0.91072431 0.91184728 0.91858506 0.90847838
  0.9079169  0.91690062 0.90005615 0.90847838]
 [0.90543478 0.91141304 0.91358696 0.90271739 0.92336957 0.90869565
  0.91467391 0.9125     0.90054348 0.90815217]
 [0.90463646 0.91043203 0.91517387 0.90674394 0.91938883 0.9109589
  0.90779768 0.90779768 0.90200211 0.9056902 ]
 [0.90444558 0.90904446 0.91211037 0.90291262 0.92028615 0.9110884
  0.91159939 0.90853347 0.90342361 0.90853347]
 [0.90719603 0.91315136 0.91414392 0.90719603 0.92307692 0.90967742
  0.90719603 0.90967742 0.90372208 0.91116625]
 [0.907863   0.91075736 0.91751085 0.90593343 0.92040521 0.90882779
  0.90738061 0.90738061 0.90448625 0.90931018]
 [0.90525328 0.90900563 0.91275797 0.90290807 0.91744841 0.91041276
  0.90947467 0.90666041 0.90384615 0.90900563]
 [0.90730594 0.90639269 0.91187215 0.90639269 0.91506849 0.91050228
  0.90730594 0.90273973 0.90273973 0.90958904]
 [0.91151623 0.90706981 0.90662517 0.90618052 0.91507337 0.91107159
  0.90840373 0.90440196 0.90573588 0.90395731]
 [0.90463806 0.90637191 0.90723884 0.90637191 0.91460772 0.90897269
  0.90723884 0.90333767 0.90333767 0.90420459]
 [0.90532544 0.90490279 0.90955199 0.90448014 0.91631445 0.91081995
  0.90532544 0.90025359 0.90278952 0.90363483]
 [0.90511551 0.90676568 0.90717822 0.90264026 0.91336634 0.90882838
  0.90305281 0.90387789 0.89686469 0.90429043]
 [0.90209508 0.90491539 0.9089444  0.90572119 0.91216761 0.9089444
  0.90410959 0.90652699 0.90128928 0.90451249]
 [0.9047619  0.90358127 0.90909091 0.90358127 0.91105864 0.91184573
  0.90594254 0.90791027 0.90121999 0.90318772]
 [0.9022701  0.90303963 0.90881108 0.9022701  0.91188919 0.91227395
  0.90688726 0.9065025  0.9022701  0.90342439]
 [0.89992476 0.90142965 0.90933032 0.90331076 0.91234011 0.91196388
  0.90857788 0.90443943 0.89879609 0.90368698]
 [0.90132548 0.90353461 0.90942563 0.90022091 0.91458027 0.91053019
  0.90684831 0.90574374 0.90095729 0.90463918]
 [0.90198198 0.9027027  0.90594595 0.90054054 0.91135135 0.91027027
  0.90918919 0.90738739 0.89981982 0.90306306]
 [0.90187081 0.90292976 0.90363572 0.89869396 0.91316625 0.90751853
  0.90751853 0.90716555 0.89939993 0.90540064]
 [0.90214385 0.90318119 0.90076072 0.89937759 0.91286307 0.90802213
  0.90387275 0.90352697 0.90006916 0.90456432]]

[[0.80662983 0.7140884  0.78314917 0.71685083 0.82320442 0.82044199
  0.82734807 0.77486188 0.79696133 0.77486188]
 [0.87983425 0.85635359 0.87154696 0.88535912 0.84392265 0.86049724
  0.82734807 0.85497238 0.81629834 0.85082873]
 [0.87430939 0.87016575 0.88674033 0.88121547 0.83149171 0.87845304
  0.87707182 0.88121547 0.84530387 0.87430939]
 [0.88259669 0.87292818 0.88535912 0.88259669 0.84530387 0.87016575
  0.87430939 0.87154696 0.86187845 0.88259669]
 [0.89779006 0.8839779  0.87845304 0.89088398 0.85082873 0.88950276
  0.87707182 0.88812155 0.89226519 0.88950276]
 [0.89640884 0.87707182 0.87983425 0.88812155 0.85773481 0.87569061
  0.87430939 0.89640884 0.89364641 0.88812155]
 [0.90055249 0.87292818 0.88812155 0.88950276 0.86325967 0.87430939
  0.87569061 0.88535912 0.89779006 0.89779006]
 [0.89779006 0.88121547 0.88674033 0.88674033 0.86049724 0.87292818
  0.87569061 0.89088398 0.89226519 0.89640884]
 [0.89779006 0.87707182 0.88950276 0.89088398 0.85911602 0.88812155
  0.88535912 0.88950276 0.90055249 0.89917127]
 [0.89917127 0.87569061 0.89364641 0.89640884 0.86464088 0.88535912
  0.88259669 0.88674033 0.9019337  0.89779006]
 [0.90055249 0.87154696 0.88812155 0.89364641 0.86325967 0.88535912
  0.87707182 0.88674033 0.90055249 0.90469613]
 [0.89779006 0.87569061 0.89502762 0.89088398 0.86740331 0.88950276
  0.88259669 0.89088398 0.9019337  0.89917127]
 [0.89779006 0.87707182 0.89779006 0.89088398 0.86878453 0.88674033
  0.8839779  0.89226519 0.9019337  0.89779006]
 [0.90331492 0.87707182 0.89364641 0.89502762 0.86464088 0.88121547
  0.88535912 0.89088398 0.9019337  0.89917127]
 [0.9019337  0.87845304 0.90055249 0.89364641 0.87154696 0.88121547
  0.88950276 0.89226519 0.88950276 0.90331492]
 [0.90331492 0.88121547 0.89917127 0.88950276 0.86464088 0.8839779
  0.88950276 0.89088398 0.89502762 0.89917127]
 [0.9019337  0.8839779  0.89779006 0.89502762 0.86325967 0.89088398
  0.88674033 0.89088398 0.90469613 0.90055249]
 [0.90055249 0.88535912 0.89502762 0.89779006 0.86325967 0.88950276
  0.88259669 0.88950276 0.89640884 0.89364641]
 [0.90055249 0.88259669 0.89779006 0.89640884 0.86187845 0.89226519
  0.88674033 0.89088398 0.88812155 0.89917127]
 [0.89226519 0.87845304 0.89640884 0.89640884 0.86187845 0.89088398
  0.88950276 0.88950276 0.88812155 0.90055249]
 [0.89917127 0.88259669 0.89088398 0.89917127 0.86464088 0.88674033
  0.88950276 0.88950276 0.88812155 0.89502762]
 [0.90055249 0.8839779  0.89502762 0.89917127 0.8660221  0.88535912
  0.8839779  0.89226519 0.89364641 0.88674033]
 [0.9019337  0.87845304 0.89502762 0.89364641 0.86325967 0.88535912
  0.88535912 0.89364641 0.88812155 0.89917127]
 [0.90331492 0.88812155 0.89502762 0.89917127 0.8660221  0.8839779
  0.88812155 0.89364641 0.88674033 0.88535912]
 [0.89779006 0.88121547 0.89364641 0.89917127 0.86187845 0.89088398
  0.89226519 0.88950276 0.88674033 0.88812155]
 [0.9019337  0.8839779  0.89364641 0.89364641 0.86878453 0.88950276
  0.89640884 0.89088398 0.88950276 0.89088398]
 [0.89502762 0.88259669 0.89088398 0.89917127 0.86049724 0.88812155
  0.88674033 0.89226519 0.90055249 0.89640884]
 [0.89917127 0.87983425 0.89364641 0.89640884 0.87292818 0.88812155
  0.8839779  0.88812155 0.89088398 0.89364641]
 [0.89640884 0.88259669 0.89917127 0.90331492 0.86464088 0.89088398
  0.8839779  0.89502762 0.89502762 0.89364641]
 [0.89226519 0.87983425 0.89364641 0.90331492 0.86878453 0.88950276
  0.88674033 0.89502762 0.89917127 0.89502762]
 [0.89364641 0.88535912 0.89640884 0.90331492 0.86878453 0.88812155
  0.88674033 0.89226519 0.89917127 0.89364641]
 [0.89640884 0.88535912 0.89640884 0.90469613 0.86740331 0.89226519
  0.88812155 0.89226519 0.89364641 0.89640884]
 [0.89779006 0.8839779  0.89502762 0.90469613 0.86325967 0.89226519
  0.88535912 0.88950276 0.89917127 0.89364641]
 [0.90055249 0.8839779  0.89364641 0.9019337  0.86464088 0.89502762
  0.88812155 0.89088398 0.89779006 0.89917127]
 [0.89917127 0.88674033 0.90331492 0.90331492 0.86187845 0.89088398
  0.88121547 0.88950276 0.89917127 0.88950276]
 [0.89779006 0.8839779  0.89779006 0.90607735 0.86325967 0.88950276
  0.88535912 0.89088398 0.90469613 0.89502762]
 [0.90055249 0.88259669 0.89917127 0.90607735 0.86740331 0.89226519
  0.88812155 0.89088398 0.89779006 0.89779006]
 [0.9019337  0.8839779  0.90055249 0.90607735 0.87016575 0.89226519
  0.88674033 0.88950276 0.89917127 0.89502762]
 [0.89917127 0.88812155 0.89502762 0.90331492 0.87016575 0.89088398
  0.88535912 0.88950276 0.89917127 0.89088398]
 [0.89779006 0.88535912 0.89917127 0.90331492 0.86878453 0.89088398
  0.88121547 0.88950276 0.89226519 0.89226519]
 [0.90055249 0.88535912 0.89640884 0.90055249 0.86878453 0.88950276
  0.88259669 0.89088398 0.89640884 0.89640884]
 [0.90331492 0.8839779  0.89502762 0.89779006 0.86464088 0.88950276
  0.88674033 0.88950276 0.89502762 0.89502762]
 [0.9019337  0.88812155 0.89779006 0.89917127 0.86325967 0.88674033
  0.88950276 0.88812155 0.89226519 0.89779006]
 [0.89917127 0.8839779  0.89226519 0.90469613 0.86464088 0.88674033
  0.88674033 0.88535912 0.88950276 0.89917127]
 [0.89917127 0.88674033 0.89226519 0.9019337  0.86325967 0.89088398
  0.88535912 0.89088398 0.89502762 0.89917127]
 [0.9019337  0.88535912 0.89364641 0.91022099 0.86325967 0.88950276
  0.88535912 0.88674033 0.89502762 0.89917127]
 [0.89502762 0.88950276 0.89088398 0.90745856 0.8660221  0.8839779
  0.88535912 0.88674033 0.89779006 0.89502762]
 [0.89917127 0.88950276 0.89226519 0.90745856 0.86740331 0.8839779
  0.88674033 0.88812155 0.90331492 0.89640884]
 [0.9019337  0.88812155 0.89364641 0.90745856 0.86187845 0.88674033
  0.89088398 0.88121547 0.90331492 0.89640884]
 [0.89917127 0.89088398 0.89779006 0.90745856 0.86325967 0.88950276
  0.88535912 0.88535912 0.90331492 0.89779006]]