bank/ANN2

[1, 3, 5, 7, 9, 11, 13, 15, 17, 19, 21, 23, 25, 27, 29, 31, 33, 35, 37, 39, 41, 43, 45, 47, 49, 51, 53, 55, 57, 59, 61, 63, 65, 67, 69, 71, 73, 75, 77, 79, 81, 83, 85, 87, 89, 91, 93, 95, 97, 99, 101, 103, 105, 107, 109, 111, 113, 115, 117, 119]

[[0.89522822 0.90145228 0.89695712 0.89695712 0.90318119 0.89799447
  0.9011065  0.89799447 0.89488243 0.89799447]
 [0.89695712 0.9049101  0.8973029  0.89799447 0.90802213 0.89903181
  0.90145228 0.89868603 0.89661134 0.89937759]
 [0.90214385 0.90318119 0.90076072 0.89937759 0.91286307 0.90802213
  0.90387275 0.90352697 0.90006916 0.90456432]
 [0.90248963 0.91355463 0.90871369 0.90352697 0.91390041 0.9142462
  0.91217151 0.91147994 0.90802213 0.91113416]
 [0.91078838 0.91390041 0.91459198 0.90905947 0.91493776 0.91701245
  0.91251729 0.91251729 0.91355463 0.90905947]
 [0.91735823 0.9159751  0.91390041 0.9159751  0.92773167 0.91943292
  0.91528354 0.91735823 0.9104426  0.91735823]
 [0.92150761 0.92392808 0.92254495 0.91839557 0.92773167 0.9197787
  0.92254495 0.92876902 0.9159751  0.9159751 ]
 [0.92704011 0.92876902 0.92323651 0.91908714 0.93118949 0.92634855
  0.92185339 0.92496542 0.92323651 0.92012448]
 [0.92323651 0.92980636 0.92185339 0.92704011 0.93084371 0.92600277
  0.9253112  0.93188105 0.92323651 0.92323651]
 [0.9253112  0.92704011 0.92392808 0.92807746 0.93118949 0.93084371
  0.92773167 0.93015214 0.92704011 0.9291148 ]
 [0.93049793 0.93499308 0.92946058 0.92980636 0.93603043 0.93775934
  0.93049793 0.93153527 0.93257261 0.92876902]
 [0.92669433 0.9384509  0.93049793 0.92946058 0.94121715 0.93326418
  0.92842324 0.93084371 0.92807746 0.93603043]
 [0.9384509  0.93983402 0.93568465 0.93395574 0.94467497 0.93983402
  0.93914246 0.93603043 0.9384509  0.93775934]
 [0.93810512 0.9384509  0.93533887 0.92980636 0.93948824 0.93568465
  0.93775934 0.93948824 0.94017981 0.9329184 ]
 [0.93706777 0.9422545  0.92738589 0.93810512 0.94190871 0.94052559
  0.93914246 0.94017981 0.93948824 0.94294606]
 [0.93914246 0.9422545  0.93568465 0.93706777 0.94709544 0.94260028
  0.93879668 0.94017981 0.94052559 0.94363762]
 [0.94294606 0.94640387 0.93914246 0.94536653 0.94986169 0.9422545
  0.94640387 0.94017981 0.94467497 0.94467497]
 [0.93914246 0.9439834  0.94087137 0.93914246 0.95020747 0.9422545
  0.94536653 0.9439834  0.94917012 0.93983402]
 [0.95159059 0.95401107 0.93637621 0.94363762 0.9571231  0.94571231
  0.94951591 0.94674965 0.94605809 0.94605809]
 [0.94432918 0.94917012 0.94190871 0.94571231 0.95573997 0.94917012
  0.94744122 0.94260028 0.94571231 0.94951591]
 [0.94502075 0.94951591 0.94294606 0.94260028 0.95435685 0.95055325
  0.94502075 0.94294606 0.94674965 0.94363762]
 [0.95643154 0.95781466 0.95366528 0.94744122 0.95262794 0.94986169
  0.95193638 0.95262794 0.95539419 0.95781466]
 [0.95228216 0.95228216 0.95159059 0.94847856 0.95988935 0.95401107
  0.95124481 0.95435685 0.9533195  0.95020747]
 [0.95435685 0.9571231  0.95055325 0.94709544 0.9571231  0.95435685
  0.95089903 0.95573997 0.95435685 0.95573997]
 [0.95435685 0.95643154 0.94882434 0.9422545  0.96196404 0.95228216
  0.95055325 0.95055325 0.95159059 0.94917012]
 [0.95470263 0.96092669 0.95228216 0.95297372 0.95954357 0.95435685
  0.95677732 0.95816044 0.95435685 0.95401107]
 [0.96334716 0.95539419 0.95643154 0.95262794 0.96473029 0.96196404
  0.9571231  0.95954357 0.95885201 0.96023513]
 [0.95539419 0.96127248 0.95401107 0.94917012 0.95746888 0.9571231
  0.95816044 0.95746888 0.95919779 0.95643154]
 [0.96058091 0.96576763 0.95435685 0.9571231  0.96507607 0.96507607
  0.96334716 0.95677732 0.95954357 0.96611342]
 [0.96369295 0.96542185 0.96023513 0.96196404 0.97095436 0.96092669
  0.96161826 0.95850622 0.96300138 0.96369295]
 [0.95885201 0.95919779 0.95954357 0.95746888 0.96715076 0.96473029
  0.95919779 0.95885201 0.96300138 0.96127248]
 [0.96507607 0.9664592  0.9571231  0.95988935 0.97026279 0.96680498
  0.96438451 0.96507607 0.96507607 0.96542185]
 [0.9626556  0.96369295 0.96092669 0.96023513 0.96749654 0.96542185
  0.96300138 0.96853389 0.9664592  0.96715076]
 [0.96369295 0.96784232 0.96196404 0.96542185 0.96611342 0.96957123
  0.96438451 0.96473029 0.96611342 0.96853389]
 [0.96680498 0.97060858 0.96161826 0.96473029 0.97821577 0.9664592
  0.96957123 0.97164592 0.96403873 0.96818811]
 [0.97095436 0.97683264 0.96161826 0.96957123 0.97164592 0.96887967
  0.96369295 0.96611342 0.96957123 0.96749654]
 [0.96922545 0.97510373 0.96438451 0.97268326 0.97130014 0.96991701
  0.96853389 0.96680498 0.96715076 0.97130014]
 [0.97060858 0.97302905 0.96715076 0.96887967 0.97959889 0.97441217
  0.96715076 0.97130014 0.96784232 0.97164592]
 [0.97164592 0.97510373 0.96853389 0.97268326 0.97510373 0.97095436
  0.97130014 0.96611342 0.96853389 0.97130014]
 [0.97302905 0.97268326 0.97026279 0.97130014 0.98029046 0.97441217
  0.97441217 0.9719917  0.97233748 0.97268326]
 [0.97060858 0.97095436 0.96507607 0.96922545 0.97648686 0.97060858
  0.97441217 0.97302905 0.97372061 0.96784232]
 [0.97475795 0.97717842 0.96715076 0.97475795 0.97994467 0.97406639
  0.97302905 0.97164592 0.96957123 0.97130014]
 [0.96957123 0.97337483 0.97095436 0.97268326 0.97821577 0.97233748
  0.97510373 0.97372061 0.97337483 0.97026279]
 [0.96922545 0.97510373 0.97233748 0.97302905 0.97614108 0.96818811
  0.97233748 0.97302905 0.97337483 0.97510373]
 [0.97337483 0.97821577 0.97164592 0.97856155 0.97890733 0.97544952
  0.97510373 0.97475795 0.9757953  0.97372061]
 [0.97337483 0.9757953  0.97164592 0.97510373 0.98478562 0.97441217
  0.9775242  0.9775242  0.97268326 0.97614108]
 [0.9757953  0.97683264 0.97337483 0.97337483 0.97786999 0.97544952
  0.9775242  0.97475795 0.97164592 0.97717842]
 [0.97717842 0.97890733 0.97406639 0.97890733 0.98201936 0.97890733
  0.97856155 0.97683264 0.97441217 0.97959889]
 [0.97683264 0.97302905 0.97164592 0.97786999 0.98029046 0.9757953
  0.97614108 0.97614108 0.97268326 0.97683264]
 [0.97821577 0.98547718 0.9775242  0.97856155 0.98340249 0.97890733
  0.97925311 0.97786999 0.98167358 0.97614108]
 [0.97925311 0.97890733 0.97786999 0.97959889 0.98305671 0.97994467
  0.9813278  0.9775242  0.9813278  0.97821577]
 [0.97994467 0.98063624 0.97856155 0.97959889 0.98340249 0.97856155
  0.98029046 0.98098202 0.98374827 0.98305671]
 [0.9775242  0.97994467 0.9757953  0.97821577 0.98374827 0.97856155
  0.98063624 0.97648686 0.9775242  0.97994467]
 [0.97821577 0.9813278  0.97372061 0.98201936 0.98305671 0.97544952
  0.98167358 0.98029046 0.97510373 0.97821577]
 [0.98029046 0.9851314  0.97544952 0.98374827 0.9868603  0.97821577
  0.97786999 0.97890733 0.98098202 0.97925311]
 [0.98271093 0.98962656 0.97890733 0.98374827 0.98858921 0.98098202
  0.98409405 0.98271093 0.98340249 0.98340249]
 [0.98409405 0.9868603  0.97786999 0.98374827 0.98651452 0.98167358
  0.98063624 0.9813278  0.98063624 0.98167358]
 [0.97959889 0.9868603  0.98098202 0.98478562 0.9851314  0.9851314
  0.98409405 0.98236515 0.98374827 0.98547718]
 [0.98305671 0.98858921 0.97890733 0.98755187 0.98651452 0.98201936
  0.98374827 0.9851314  0.98616874 0.98236515]
 [0.98340249 0.98928077 0.97994467 0.9851314  0.98720609 0.98443983
  0.98305671 0.98443983 0.98236515 0.9851314 ]]

[[0.90331492 0.88121547 0.90469613 0.89779006 0.86878453 0.88674033
  0.88535912 0.89364641 0.90469613 0.89364641]
 [0.89917127 0.87707182 0.89917127 0.89226519 0.8660221  0.88950276
  0.87983425 0.89502762 0.89917127 0.89502762]
 [0.89917127 0.89088398 0.89779006 0.90745856 0.86325967 0.88950276
  0.88535912 0.88535912 0.90331492 0.89779006]
 [0.90469613 0.87292818 0.89502762 0.90331492 0.87707182 0.88950276
  0.88535912 0.88812155 0.89502762 0.9019337 ]
 [0.9019337  0.8839779  0.89779006 0.9019337  0.86464088 0.8839779
  0.89088398 0.88950276 0.89640884 0.89502762]
 [0.89779006 0.88121547 0.89917127 0.90745856 0.85359116 0.87707182
  0.89364641 0.88121547 0.89226519 0.88950276]
 [0.88812155 0.8839779  0.90607735 0.89640884 0.86464088 0.8839779
  0.88121547 0.87569061 0.89917127 0.89364641]
 [0.89226519 0.88674033 0.89088398 0.89088398 0.86878453 0.88950276
  0.88674033 0.88950276 0.89779006 0.89640884]
 [0.89779006 0.87983425 0.88674033 0.89502762 0.86464088 0.88535912
  0.88950276 0.87430939 0.89502762 0.8839779 ]
 [0.88674033 0.88259669 0.89779006 0.90331492 0.86740331 0.87707182
  0.87845304 0.8839779  0.87983425 0.90331492]
 [0.88674033 0.88674033 0.9019337  0.89779006 0.85359116 0.87292818
  0.89088398 0.88950276 0.89226519 0.89640884]
 [0.89779006 0.87845304 0.9019337  0.88674033 0.86740331 0.87983425
  0.89502762 0.87016575 0.89226519 0.90607735]
 [0.88674033 0.87292818 0.89502762 0.88674033 0.86187845 0.87569061
  0.88812155 0.87845304 0.8839779  0.88674033]
 [0.89640884 0.88259669 0.87292818 0.89364641 0.86464088 0.87707182
  0.87292818 0.87707182 0.87845304 0.89502762]
 [0.89226519 0.88121547 0.89088398 0.89088398 0.85497238 0.87154696
  0.8839779  0.87983425 0.88121547 0.88950276]
 [0.88950276 0.87707182 0.89226519 0.89226519 0.85635359 0.87569061
  0.87707182 0.87845304 0.88535912 0.88121547]
 [0.88259669 0.88674033 0.89502762 0.89779006 0.86187845 0.87569061
  0.8839779  0.87569061 0.89226519 0.88674033]
 [0.89917127 0.87845304 0.89779006 0.88950276 0.86325967 0.87569061
  0.88535912 0.86740331 0.87983425 0.89502762]
 [0.89226519 0.87016575 0.89502762 0.89226519 0.86325967 0.87292818
  0.88535912 0.86878453 0.8839779  0.88950276]
 [0.89640884 0.88259669 0.89364641 0.90469613 0.86187845 0.87983425
  0.88812155 0.88259669 0.87845304 0.88812155]
 [0.88950276 0.87430939 0.89502762 0.9019337  0.86049724 0.87430939
  0.88121547 0.87983425 0.87569061 0.88121547]
 [0.88950276 0.87016575 0.89226519 0.88812155 0.85635359 0.8660221
  0.88121547 0.87430939 0.87845304 0.88812155]
 [0.88535912 0.88259669 0.89226519 0.89088398 0.86325967 0.87707182
  0.87983425 0.87292818 0.88535912 0.89640884]
 [0.88950276 0.87845304 0.88950276 0.89226519 0.85497238 0.86464088
  0.87707182 0.87569061 0.87707182 0.89502762]
 [0.89088398 0.87016575 0.89640884 0.89088398 0.85635359 0.87430939
  0.88535912 0.87707182 0.87292818 0.89502762]
 [0.89088398 0.87707182 0.88950276 0.88812155 0.86049724 0.87292818
  0.87707182 0.88259669 0.88674033 0.89364641]
 [0.89364641 0.87292818 0.88674033 0.88121547 0.84944751 0.86878453
  0.87983425 0.88121547 0.88535912 0.89640884]
 [0.89640884 0.86878453 0.88121547 0.89640884 0.86049724 0.87569061
  0.87569061 0.87845304 0.87430939 0.89088398]
 [0.88674033 0.87707182 0.8839779  0.89779006 0.86187845 0.88535912
  0.88812155 0.85773481 0.88812155 0.88674033]
 [0.89226519 0.86740331 0.88950276 0.88812155 0.85220994 0.88674033
  0.87983425 0.88674033 0.88535912 0.89088398]
 [0.88259669 0.87569061 0.88121547 0.88812155 0.85635359 0.86740331
  0.87845304 0.86878453 0.88259669 0.90055249]
 [0.87154696 0.86187845 0.89364641 0.90055249 0.85220994 0.86049724
  0.87430939 0.87016575 0.87983425 0.89088398]
 [0.88950276 0.87845304 0.89364641 0.90469613 0.86187845 0.87154696
  0.87983425 0.87016575 0.87154696 0.89917127]
 [0.89226519 0.86325967 0.88121547 0.88674033 0.86464088 0.86325967
  0.88121547 0.87845304 0.88812155 0.88259669]
 [0.88121547 0.87569061 0.89779006 0.88535912 0.85911602 0.87707182
  0.87983425 0.87845304 0.87569061 0.88535912]
 [0.8839779  0.87292818 0.8839779  0.88950276 0.85773481 0.86740331
  0.8839779  0.88121547 0.8839779  0.89917127]
 [0.88535912 0.87154696 0.89088398 0.88950276 0.84944751 0.87430939
  0.8839779  0.86464088 0.88950276 0.89502762]
 [0.88121547 0.87154696 0.8839779  0.88259669 0.8660221  0.85911602
  0.88121547 0.87569061 0.88535912 0.90331492]
 [0.89226519 0.86464088 0.89088398 0.89226519 0.85911602 0.87154696
  0.87845304 0.87983425 0.89226519 0.89226519]
 [0.88121547 0.88535912 0.87430939 0.90055249 0.86878453 0.87292818
  0.8839779  0.87983425 0.87845304 0.88812155]
 [0.89502762 0.86740331 0.8839779  0.88950276 0.85497238 0.88535912
  0.87845304 0.87292818 0.87569061 0.89088398]
 [0.89088398 0.87016575 0.89917127 0.89088398 0.85220994 0.8660221
  0.89088398 0.86878453 0.87430939 0.88812155]
 [0.88812155 0.87983425 0.88259669 0.89640884 0.8660221  0.87016575
  0.88674033 0.87845304 0.87569061 0.88950276]
 [0.88812155 0.88259669 0.88950276 0.88950276 0.85220994 0.86878453
  0.87154696 0.87292818 0.88121547 0.89364641]
 [0.89364641 0.87292818 0.88535912 0.87983425 0.85773481 0.87569061
  0.87707182 0.87983425 0.87569061 0.89917127]
 [0.88812155 0.87292818 0.8839779  0.88950276 0.86325967 0.86740331
  0.86878453 0.88535912 0.88259669 0.8839779 ]
 [0.88674033 0.86464088 0.87292818 0.89226519 0.86049724 0.86325967
  0.87707182 0.87016575 0.88674033 0.88812155]
 [0.88950276 0.85911602 0.87983425 0.89364641 0.86187845 0.87569061
  0.88259669 0.86325967 0.87845304 0.88535912]
 [0.88535912 0.87845304 0.87569061 0.89502762 0.84254144 0.86740331
  0.87016575 0.87569061 0.87707182 0.89502762]
 [0.87154696 0.87845304 0.88535912 0.89226519 0.85082873 0.87154696
  0.87707182 0.87569061 0.8839779  0.89088398]
 [0.89502762 0.86740331 0.88950276 0.89502762 0.85497238 0.87707182
  0.87569061 0.8660221  0.89226519 0.89226519]
 [0.88259669 0.8660221  0.89502762 0.88812155 0.85497238 0.88121547
  0.88121547 0.87707182 0.87983425 0.88121547]
 [0.87845304 0.87154696 0.89364641 0.88259669 0.86049724 0.87845304
  0.88121547 0.87154696 0.87707182 0.89502762]
 [0.88121547 0.87569061 0.88535912 0.88535912 0.86187845 0.87154696
  0.87292818 0.86325967 0.88121547 0.89502762]
 [0.88812155 0.87569061 0.88535912 0.89088398 0.86049724 0.86740331
  0.8839779  0.87430939 0.87154696 0.89502762]
 [0.89917127 0.88121547 0.8839779  0.89779006 0.85635359 0.87983425
  0.87983425 0.86325967 0.87569061 0.89088398]
 [0.88259669 0.87154696 0.88674033 0.88950276 0.85497238 0.87292818
  0.88674033 0.87430939 0.88812155 0.88950276]
 [0.89640884 0.87430939 0.89502762 0.9019337  0.85773481 0.87430939
  0.8839779  0.87016575 0.87707182 0.9019337 ]
 [0.89226519 0.87430939 0.88259669 0.88950276 0.85773481 0.87292818
  0.89364641 0.87430939 0.87292818 0.89226519]
 [0.88812155 0.86740331 0.8839779  0.89502762 0.84668508 0.88121547
  0.87569061 0.87430939 0.88259669 0.89917127]]