bank/ANN3

[0.01       0.03020408 0.05040816 0.07061224 0.09081633 0.11102041
 0.13122449 0.15142857 0.17163265 0.19183673 0.21204082 0.2322449
 0.25244898 0.27265306 0.29285714 0.31306122 0.33326531 0.35346939
 0.37367347 0.39387755 0.41408163 0.43428571 0.4544898  0.47469388
 0.49489796 0.51510204 0.53530612 0.5555102  0.57571429 0.59591837
 0.61612245 0.63632653 0.65653061 0.67673469 0.69693878 0.71714286
 0.73734694 0.75755102 0.7777551  0.79795918 0.81816327 0.83836735
 0.85857143 0.87877551 0.89897959 0.91918367 0.93938776 0.95959184
 0.97979592 1.        ]

[[0.90214385 0.90283541 0.9011065  0.9011065  0.91286307 0.90733057
  0.90560166 0.90318119 0.90006916 0.90525588]
 [0.90179806 0.90456432 0.90214385 0.90041494 0.91320885 0.90629322
  0.90352697 0.90248963 0.90041494 0.90387275]
 [0.9011065  0.90387275 0.90214385 0.89972337 0.91251729 0.90594744
  0.90421853 0.90283541 0.89972337 0.90421853]
 [0.9011065  0.90421853 0.90214385 0.89937759 0.91286307 0.9049101
  0.90352697 0.90283541 0.89695712 0.9049101 ]
 [0.9011065  0.90352697 0.9011065  0.90041494 0.91320885 0.90560166
  0.90421853 0.90248963 0.8973029  0.9049101 ]
 [0.90248963 0.90352697 0.9011065  0.89903181 0.91286307 0.90629322
  0.90594744 0.90248963 0.8973029  0.90387275]
 [0.90076072 0.90318119 0.9011065  0.90006916 0.91147994 0.906639
  0.90525588 0.90214385 0.89868603 0.9049101 ]
 [0.90283541 0.90318119 0.9011065  0.90041494 0.9142462  0.90698479
  0.906639   0.90179806 0.89868603 0.90387275]
 [0.90318119 0.90248963 0.90006916 0.89937759 0.91286307 0.90698479
  0.90594744 0.90076072 0.89903181 0.9049101 ]
 [0.90352697 0.90283541 0.90041494 0.89972337 0.91286307 0.90767635
  0.90560166 0.9011065  0.89903181 0.90387275]
 [0.90283541 0.90387275 0.90041494 0.90006916 0.91217151 0.90698479
  0.9049101  0.90179806 0.89903181 0.9049101 ]
 [0.90318119 0.90318119 0.90041494 0.89972337 0.9104426  0.90698479
  0.90456432 0.90145228 0.89868603 0.90456432]
 [0.90283541 0.90283541 0.90179806 0.90041494 0.90975104 0.90560166
  0.90525588 0.9011065  0.89764869 0.90248963]
 [0.90248963 0.90283541 0.90145228 0.89937759 0.91147994 0.90525588
  0.90560166 0.90145228 0.89868603 0.90248963]
 [0.90179806 0.90283541 0.9011065  0.89834025 0.91182573 0.90594744
  0.9049101  0.90214385 0.89834025 0.90145228]
 [0.89903181 0.90318119 0.9011065  0.89868603 0.91217151 0.90594744
  0.90525588 0.90145228 0.89972337 0.90179806]
 [0.89868603 0.90421853 0.90179806 0.89834025 0.91217151 0.90560166
  0.90387275 0.90076072 0.89972337 0.90248963]
 [0.89903181 0.9049101  0.9011065  0.89834025 0.91251729 0.90525588
  0.90421853 0.90145228 0.89903181 0.90179806]
 [0.89903181 0.90318119 0.9011065  0.89834025 0.91217151 0.90525588
  0.90387275 0.9011065  0.89868603 0.90283541]
 [0.90006916 0.90283541 0.90076072 0.89903181 0.91182573 0.9049101
  0.90352697 0.89972337 0.89937759 0.9011065 ]
 [0.89972337 0.90179806 0.90041494 0.89903181 0.91355463 0.90421853
  0.90387275 0.89972337 0.89903181 0.90318119]
 [0.90041494 0.90179806 0.90145228 0.89972337 0.91182573 0.90456432
  0.90387275 0.89937759 0.89868603 0.9011065 ]
 [0.90041494 0.90076072 0.90214385 0.89937759 0.91251729 0.90456432
  0.90352697 0.89903181 0.89972337 0.90145228]
 [0.90041494 0.90283541 0.9011065  0.89937759 0.91147994 0.9049101
  0.90421853 0.89972337 0.90006916 0.90179806]
 [0.90145228 0.90214385 0.9011065  0.89868603 0.91147994 0.90421853
  0.90318119 0.89937759 0.90076072 0.90179806]
 [0.90006916 0.90214385 0.9011065  0.89868603 0.91147994 0.90525588
  0.90248963 0.90041494 0.89868603 0.90214385]
 [0.89972337 0.90214385 0.90076072 0.89868603 0.91113416 0.90421853
  0.90283541 0.90006916 0.89868603 0.90248963]
 [0.90006916 0.9011065  0.90076072 0.89903181 0.91217151 0.90352697
  0.90214385 0.90076072 0.90006916 0.90283541]
 [0.89937759 0.90145228 0.9011065  0.89834025 0.91113416 0.90248963
  0.90248963 0.90041494 0.89972337 0.90214385]
 [0.90041494 0.90179806 0.90076072 0.89868603 0.91113416 0.90179806
  0.90248963 0.90041494 0.89937759 0.90248963]
 [0.89764869 0.9011065  0.90076072 0.8973029  0.91113416 0.90076072
  0.90214385 0.90076072 0.89903181 0.90179806]
 [0.89661134 0.90145228 0.9011065  0.89834025 0.91078838 0.90076072
  0.90248963 0.90076072 0.89937759 0.90145228]
 [0.89764869 0.90145228 0.90145228 0.89799447 0.91113416 0.90248963
  0.90283541 0.9011065  0.89937759 0.9011065 ]
 [0.89799447 0.90145228 0.90041494 0.89868603 0.91078838 0.90145228
  0.90214385 0.90041494 0.89834025 0.90041494]
 [0.89868603 0.9011065  0.90041494 0.89868603 0.91147994 0.90179806
  0.90179806 0.90145228 0.89799447 0.90076072]
 [0.89868603 0.90145228 0.89972337 0.89868603 0.91113416 0.90179806
  0.90214385 0.90041494 0.89937759 0.90006916]
 [0.89937759 0.90076072 0.89972337 0.89799447 0.91147994 0.90283541
  0.90214385 0.90006916 0.89764869 0.90076072]
 [0.90006916 0.9011065  0.89972337 0.89834025 0.91113416 0.90283541
  0.90214385 0.90076072 0.8973029  0.9011065 ]
 [0.89799447 0.9011065  0.90006916 0.89834025 0.91113416 0.90283541
  0.90283541 0.90076072 0.89764869 0.90076072]
 [0.89834025 0.9011065  0.89972337 0.89868603 0.91113416 0.90248963
  0.90248963 0.90145228 0.89834025 0.90041494]
 [0.89834025 0.9011065  0.90006916 0.89868603 0.9104426  0.90214385
  0.90214385 0.90076072 0.89834025 0.90006916]
 [0.89834025 0.90076072 0.90006916 0.89868603 0.9104426  0.90179806
  0.90145228 0.90006916 0.89799447 0.90041494]
 [0.89937759 0.90041494 0.89903181 0.90006916 0.91009682 0.90179806
  0.90214385 0.90006916 0.89834025 0.90041494]
 [0.89868603 0.89972337 0.90041494 0.90006916 0.91009682 0.90145228
  0.90283541 0.90006916 0.89834025 0.89972337]
 [0.89868603 0.90006916 0.90041494 0.89972337 0.91009682 0.90145228
  0.90145228 0.90076072 0.89834025 0.90006916]
 [0.89834025 0.90006916 0.89937759 0.89937759 0.9104426  0.9011065
  0.90179806 0.90145228 0.89868603 0.90006916]
 [0.89799447 0.90041494 0.90041494 0.89937759 0.91078838 0.9011065
  0.9011065  0.90145228 0.89937759 0.90041494]
 [0.89799447 0.90076072 0.90041494 0.89972337 0.90975104 0.9011065
  0.90145228 0.9011065  0.89834025 0.89972337]
 [0.89834025 0.90006916 0.90006916 0.89937759 0.90975104 0.90145228
  0.90179806 0.9011065  0.89903181 0.89972337]
 [0.89868603 0.90006916 0.90041494 0.89937759 0.90975104 0.90145228
  0.90179806 0.90145228 0.89868603 0.90006916]]

[[0.89917127 0.89088398 0.89917127 0.90331492 0.86464088 0.88950276
  0.88674033 0.88535912 0.90331492 0.89779006]
 [0.89917127 0.89088398 0.89917127 0.90331492 0.86187845 0.89088398
  0.88674033 0.88535912 0.9019337  0.89640884]
 [0.90055249 0.89088398 0.89640884 0.90469613 0.86187845 0.88950276
  0.88812155 0.88674033 0.9019337  0.89640884]
 [0.89779006 0.89226519 0.89502762 0.90331492 0.86187845 0.88950276
  0.88950276 0.88674033 0.90469613 0.89640884]
 [0.90055249 0.89088398 0.89917127 0.90331492 0.86464088 0.88950276
  0.88950276 0.88674033 0.90469613 0.89640884]
 [0.89917127 0.89088398 0.89917127 0.90469613 0.86325967 0.88950276
  0.89088398 0.88535912 0.90469613 0.89640884]
 [0.89640884 0.89088398 0.89917127 0.9019337  0.86464088 0.88950276
  0.89088398 0.88535912 0.90469613 0.89640884]
 [0.89917127 0.89088398 0.90055249 0.9019337  0.8660221  0.88950276
  0.89088398 0.88535912 0.90331492 0.89502762]
 [0.90055249 0.89088398 0.89640884 0.9019337  0.86325967 0.88950276
  0.88950276 0.88535912 0.90331492 0.89502762]
 [0.90331492 0.88950276 0.89779006 0.89917127 0.86464088 0.88950276
  0.88950276 0.88674033 0.90331492 0.89502762]
 [0.90055249 0.88950276 0.89640884 0.89917127 0.86325967 0.88812155
  0.88950276 0.88812155 0.90331492 0.89364641]
 [0.90055249 0.88950276 0.89640884 0.9019337  0.86187845 0.88950276
  0.88812155 0.88812155 0.9019337  0.89364641]
 [0.89917127 0.88812155 0.89640884 0.9019337  0.86325967 0.88950276
  0.88812155 0.88812155 0.90331492 0.89502762]
 [0.89917127 0.88950276 0.89226519 0.9019337  0.86325967 0.88950276
  0.88812155 0.88812155 0.90331492 0.89364641]
 [0.90055249 0.88812155 0.89640884 0.9019337  0.86464088 0.88950276
  0.88674033 0.88950276 0.90331492 0.89640884]
 [0.9019337  0.88812155 0.89364641 0.90331492 0.86464088 0.89088398
  0.88674033 0.88950276 0.90055249 0.89640884]
 [0.90055249 0.88950276 0.89640884 0.9019337  0.86464088 0.89088398
  0.88812155 0.88950276 0.90055249 0.89502762]
 [0.90055249 0.88950276 0.89502762 0.9019337  0.86464088 0.88950276
  0.88674033 0.89088398 0.9019337  0.89502762]
 [0.9019337  0.88812155 0.89779006 0.90055249 0.86464088 0.88950276
  0.88674033 0.89088398 0.90469613 0.89226519]
 [0.9019337  0.88812155 0.89640884 0.90055249 0.86464088 0.88812155
  0.88674033 0.89364641 0.9019337  0.89364641]
 [0.9019337  0.88674033 0.89640884 0.90055249 0.86464088 0.89226519
  0.88535912 0.89364641 0.90469613 0.89364641]
 [0.90331492 0.88812155 0.89640884 0.89779006 0.86187845 0.89226519
  0.88535912 0.89226519 0.90331492 0.89364641]
 [0.90331492 0.88812155 0.89640884 0.89917127 0.86325967 0.89226519
  0.88535912 0.89226519 0.90469613 0.89226519]
 [0.90469613 0.88674033 0.89779006 0.89917127 0.86187845 0.89088398
  0.88535912 0.89226519 0.90469613 0.89226519]
 [0.90331492 0.88812155 0.89779006 0.89640884 0.86187845 0.89226519
  0.88535912 0.89226519 0.90331492 0.89226519]
 [0.9019337  0.88535912 0.89779006 0.89640884 0.86187845 0.89226519
  0.88535912 0.89226519 0.90331492 0.89226519]
 [0.9019337  0.88535912 0.89779006 0.89640884 0.86187845 0.89226519
  0.88535912 0.89226519 0.90331492 0.89088398]
 [0.9019337  0.88535912 0.89779006 0.89640884 0.86187845 0.89226519
  0.88535912 0.89226519 0.90331492 0.89088398]
 [0.90055249 0.88674033 0.89917127 0.89779006 0.86187845 0.89226519
  0.88535912 0.89226519 0.90331492 0.89088398]
 [0.9019337  0.88674033 0.89779006 0.89779006 0.86325967 0.89088398
  0.88535912 0.89226519 0.90331492 0.89088398]
 [0.90331492 0.88674033 0.89779006 0.89779006 0.86187845 0.89226519
  0.88535912 0.89226519 0.90331492 0.89088398]
 [0.90331492 0.88674033 0.89779006 0.89779006 0.86049724 0.89088398
  0.8839779  0.89226519 0.90055249 0.89088398]
 [0.90469613 0.88674033 0.89779006 0.89917127 0.86049724 0.89226519
  0.8839779  0.89226519 0.90331492 0.89088398]
 [0.90469613 0.88535912 0.89640884 0.89917127 0.86049724 0.89088398
  0.88535912 0.89226519 0.90469613 0.88674033]
 [0.90607735 0.88535912 0.89640884 0.89779006 0.86049724 0.88950276
  0.88535912 0.89226519 0.90469613 0.88950276]
 [0.90745856 0.88674033 0.89640884 0.90055249 0.86049724 0.88812155
  0.8839779  0.89226519 0.90055249 0.88950276]
 [0.90745856 0.88535912 0.89640884 0.90055249 0.86049724 0.88950276
  0.8839779  0.89226519 0.90331492 0.88950276]
 [0.90469613 0.88535912 0.89640884 0.89917127 0.85911602 0.88950276
  0.88535912 0.89226519 0.90331492 0.89088398]
 [0.90469613 0.88535912 0.89502762 0.89917127 0.86049724 0.88950276
  0.88259669 0.89226519 0.90331492 0.89088398]
 [0.90469613 0.88535912 0.89502762 0.89917127 0.85911602 0.88950276
  0.8839779  0.89226519 0.9019337  0.89088398]
 [0.90469613 0.88535912 0.89502762 0.89917127 0.86325967 0.89088398
  0.88535912 0.89226519 0.9019337  0.89088398]
 [0.90469613 0.88674033 0.89502762 0.89779006 0.86187845 0.89088398
  0.88535912 0.89364641 0.9019337  0.89088398]
 [0.90469613 0.88812155 0.89502762 0.89917127 0.86187845 0.89088398
  0.88535912 0.89226519 0.9019337  0.88950276]
 [0.90469613 0.88674033 0.89502762 0.89917127 0.86187845 0.89088398
  0.88535912 0.89226519 0.9019337  0.89088398]
 [0.90469613 0.8839779  0.89502762 0.89917127 0.86187845 0.89088398
  0.88535912 0.89088398 0.9019337  0.89226519]
 [0.90469613 0.8839779  0.89502762 0.89779006 0.86187845 0.89088398
  0.88535912 0.89226519 0.9019337  0.89226519]
 [0.90469613 0.88121547 0.89502762 0.89917127 0.86187845 0.88812155
  0.88674033 0.88950276 0.9019337  0.88950276]
 [0.90469613 0.88121547 0.89502762 0.89917127 0.86187845 0.88674033
  0.88674033 0.89088398 0.9019337  0.89088398]
 [0.90469613 0.88121547 0.89502762 0.90055249 0.86187845 0.88674033
  0.88812155 0.88950276 0.9019337  0.89088398]
 [0.90469613 0.88121547 0.89502762 0.90055249 0.86187845 0.88674033
  0.88950276 0.89088398 0.9019337  0.88950276]]