bank/BoostDT2

[1, 2, 3, 4, 5, 6, 7, 8, 9, 10, 11, 12, 13, 14, 15, 16, 17, 18, 19, 20, 21, 22, 23, 24, 25, 26, 27, 28, 29, 30, 31, 32, 33, 34, 35, 36, 37, 38, 39, 40, 41, 42, 43, 44, 45, 46, 47, 48, 49]

[[1.         1.         1.         1.         1.         1.
  1.         1.         1.         1.        ]
 [1.         1.         1.         1.         1.         1.
  1.         1.         1.         1.        ]
 [1.         1.         1.         1.         1.         1.
  1.         1.         1.         1.        ]
 [1.         1.         1.         1.         1.         1.
  1.         1.         1.         1.        ]
 [1.         1.         1.         1.         1.         1.
  1.         1.         1.         1.        ]
 [1.         1.         1.         1.         1.         1.
  1.         1.         1.         1.        ]
 [1.         1.         1.         1.         1.         1.
  1.         1.         1.         1.        ]
 [1.         1.         1.         1.         1.         1.
  1.         1.         1.         1.        ]
 [1.         1.         1.         1.         1.         1.
  1.         1.         1.         1.        ]
 [1.         1.         1.         1.         1.         1.
  1.         1.         1.         1.        ]
 [1.         1.         1.         1.         1.         1.
  0.99965422 1.         1.         1.        ]
 [1.         1.         1.         1.         1.         1.
  1.         0.99965422 1.         0.99930844]
 [0.99965422 0.99965422 1.         1.         1.         0.99965422
  0.99930844 1.         1.         1.        ]
 [1.         1.         0.99965422 1.         1.         1.
  0.99930844 1.         1.         1.        ]
 [0.99965422 0.99965422 0.99861687 0.99965422 0.99723375 0.99965422
  0.99827109 0.99723375 0.99930844 1.        ]
 [0.99896266 1.         0.99827109 1.         1.         0.99965422
  1.         1.         0.99827109 1.        ]
 [0.99723375 0.99896266 0.99792531 0.99792531 0.99792531 0.99757953
  0.9961964  0.99481328 0.99757953 0.99723375]
 [0.99827109 1.         0.99896266 0.99585062 0.99757953 0.99688797
  0.99723375 0.99723375 0.99792531 0.99654219]
 [0.99654219 0.99930844 0.99515906 0.99827109 0.99792531 0.99896266
  0.99723375 0.99827109 0.99308437 0.99896266]
 [0.9961964  0.99343015 0.99688797 0.99723375 0.99757953 0.99135546
  0.99515906 0.9961964  0.99515906 0.99377593]
 [0.99377593 0.99723375 0.99239281 0.99239281 0.99550484 0.99343015
  0.99343015 0.99343015 0.9944675  0.99515906]
 [0.9944675  0.99170124 0.99481328 0.99515906 0.99515906 0.99515906
  0.99170124 0.99204703 0.9906639  0.99170124]
 [0.98893499 0.98893499 0.99239281 0.9906639  0.99688797 0.98997234
  0.99239281 0.98928077 0.99308437 0.99308437]
 [0.98928077 0.99239281 0.98997234 0.9944675  0.9944675  0.99135546
  0.98824343 0.98962656 0.99204703 0.99308437]
 [0.98858921 0.98374827 0.9868603  0.98893499 0.98582296 0.99100968
  0.99170124 0.99170124 0.98720609 0.9906639 ]
 [0.98063624 0.98271093 0.98824343 0.98789765 0.98997234 0.98547718
  0.98236515 0.98962656 0.99031812 0.98340249]
 [0.98271093 0.98340249 0.98651452 0.97994467 0.98755187 0.98547718
  0.98616874 0.98478562 0.9851314  0.98789765]
 [0.98029046 0.98443983 0.98478562 0.98167358 0.98997234 0.98236515
  0.98305671 0.98582296 0.9868603  0.98755187]
 [0.98063624 0.98167358 0.97925311 0.97510373 0.98616874 0.97994467
  0.98098202 0.97925311 0.9868603  0.97717842]
 [0.98098202 0.98547718 0.97925311 0.97994467 0.9813278  0.97890733
  0.97648686 0.9775242  0.98201936 0.9775242 ]
 [0.97372061 0.9813278  0.97786999 0.98029046 0.98305671 0.9757953
  0.97441217 0.98271093 0.97890733 0.98305671]
 [0.97233748 0.97717842 0.98098202 0.97302905 0.98236515 0.97614108
  0.9775242  0.98547718 0.97510373 0.98409405]
 [0.97614108 0.97648686 0.97372061 0.97302905 0.97717842 0.97925311
  0.97786999 0.97959889 0.97441217 0.97856155]
 [0.97475795 0.97302905 0.9719917  0.97441217 0.9719917  0.96957123
  0.96922545 0.98305671 0.97372061 0.97544952]
 [0.9719917  0.96680498 0.97337483 0.97302905 0.97683264 0.96749654
  0.97337483 0.97372061 0.96680498 0.97544952]
 [0.96473029 0.96818811 0.9719917  0.96818811 0.97614108 0.97130014
  0.96715076 0.97060858 0.97337483 0.97060858]
 [0.96369295 0.97372061 0.96749654 0.96438451 0.9757953  0.96576763
  0.96784232 0.96611342 0.96991701 0.97648686]
 [0.96161826 0.9664592  0.96611342 0.96196404 0.97648686 0.95677732
  0.96922545 0.96161826 0.96058091 0.96300138]
 [0.96230982 0.96127248 0.96991701 0.96369295 0.96922545 0.96196404
  0.96715076 0.95919779 0.95297372 0.9664592 ]
 [0.96473029 0.96023513 0.96196404 0.95850622 0.96784232 0.96438451
  0.96334716 0.96300138 0.95885201 0.96196404]
 [0.95608575 0.96680498 0.96473029 0.96023513 0.97406639 0.96300138
  0.95781466 0.95919779 0.96369295 0.96092669]
 [0.96542185 0.96403873 0.96887967 0.96230982 0.96438451 0.95850622
  0.95746888 0.96230982 0.95297372 0.95919779]
 [0.95919779 0.9719917  0.97060858 0.95954357 0.96680498 0.96196404
  0.95435685 0.95504841 0.95124481 0.95988935]
 [0.95504841 0.95816044 0.96749654 0.96403873 0.97130014 0.95850622
  0.95055325 0.96403873 0.95228216 0.96230982]
 [0.95504841 0.95781466 0.95677732 0.95988935 0.95850622 0.95885201
  0.95919779 0.96023513 0.95193638 0.95816044]
 [0.95262794 0.9571231  0.95573997 0.95193638 0.96196404 0.9571231
  0.95781466 0.95262794 0.95124481 0.95573997]
 [0.95643154 0.9626556  0.95539419 0.95781466 0.95643154 0.95573997
  0.95124481 0.94986169 0.94709544 0.96092669]
 [0.95297372 0.95401107 0.94847856 0.95297372 0.9571231  0.95885201
  0.95470263 0.95573997 0.95470263 0.94917012]
 [0.95746888 0.95470263 0.95573997 0.95470263 0.96092669 0.94986169
  0.9533195  0.94674965 0.95297372 0.95677732]]

[[0.86049724 0.84668508 0.85635359 0.87016575 0.84116022 0.87016575
  0.84530387 0.86878453 0.85773481 0.8660221 ]
 [0.87569061 0.86187845 0.89917127 0.88950276 0.86740331 0.87430939
  0.87845304 0.87707182 0.88812155 0.88259669]
 [0.87430939 0.8660221  0.88121547 0.89779006 0.84530387 0.87983425
  0.87016575 0.88259669 0.87430939 0.87983425]
 [0.87983425 0.87707182 0.87016575 0.87569061 0.85773481 0.87569061
  0.87292818 0.87983425 0.88674033 0.88535912]
 [0.8839779  0.86187845 0.87154696 0.89640884 0.86325967 0.87569061
  0.88950276 0.87430939 0.87016575 0.8839779 ]
 [0.86187845 0.85773481 0.87154696 0.86740331 0.84530387 0.86740331
  0.87016575 0.87845304 0.88535912 0.89502762]
 [0.86878453 0.87292818 0.86878453 0.88121547 0.8660221  0.85497238
  0.87845304 0.88535912 0.86325967 0.87016575]
 [0.88950276 0.86878453 0.85359116 0.88950276 0.85773481 0.86325967
  0.86878453 0.86878453 0.86187845 0.87154696]
 [0.88674033 0.86049724 0.88812155 0.87292818 0.83701657 0.84944751
  0.87154696 0.86740331 0.87154696 0.87707182]
 [0.87430939 0.87430939 0.86187845 0.87292818 0.86049724 0.85911602
  0.86464088 0.87707182 0.88259669 0.86740331]
 [0.87154696 0.85635359 0.85911602 0.88535912 0.85359116 0.87845304
  0.86878453 0.88121547 0.8660221  0.85773481]
 [0.86878453 0.86049724 0.86878453 0.89226519 0.83977901 0.86325967
  0.85359116 0.8660221  0.88259669 0.88535912]
 [0.86740331 0.85911602 0.86325967 0.87845304 0.84530387 0.86740331
  0.8660221  0.86325967 0.86878453 0.88674033]
 [0.8660221  0.86464088 0.85220994 0.87016575 0.83149171 0.86740331
  0.87292818 0.87292818 0.86878453 0.89088398]
 [0.88812155 0.84944751 0.86464088 0.85911602 0.83977901 0.87292818
  0.87016575 0.86464088 0.86740331 0.86049724]
 [0.86878453 0.85497238 0.85082873 0.87016575 0.8480663  0.86187845
  0.86464088 0.87569061 0.86740331 0.86049724]
 [0.8660221  0.85082873 0.84944751 0.85911602 0.83425414 0.85911602
  0.87154696 0.87569061 0.87845304 0.86049724]
 [0.86740331 0.86049724 0.87430939 0.87569061 0.84116022 0.8839779
  0.8660221  0.87845304 0.86878453 0.87154696]
 [0.87430939 0.84254144 0.85220994 0.87569061 0.84530387 0.8660221
  0.85635359 0.87292818 0.85082873 0.87292818]
 [0.86464088 0.86049724 0.84116022 0.88259669 0.83839779 0.86464088
  0.8660221  0.86049724 0.85635359 0.8660221 ]
 [0.86325967 0.85359116 0.85635359 0.88674033 0.83701657 0.85635359
  0.84530387 0.85635359 0.86049724 0.84944751]
 [0.87430939 0.87707182 0.85220994 0.86464088 0.83287293 0.85359116
  0.87292818 0.86049724 0.87154696 0.86325967]
 [0.87016575 0.85773481 0.8839779  0.88121547 0.83287293 0.86187845
  0.86325967 0.87845304 0.88812155 0.85635359]
 [0.87707182 0.84392265 0.86049724 0.87707182 0.84392265 0.84392265
  0.87292818 0.87983425 0.86464088 0.85773481]
 [0.87292818 0.84944751 0.85911602 0.85497238 0.85911602 0.87292818
  0.85220994 0.88259669 0.85911602 0.86878453]
 [0.87569061 0.83839779 0.85359116 0.89364641 0.86464088 0.87016575
  0.87430939 0.87707182 0.87430939 0.86325967]
 [0.88950276 0.85497238 0.84944751 0.86740331 0.85773481 0.87430939
  0.87430939 0.86464088 0.85773481 0.8660221 ]
 [0.88535912 0.85773481 0.8480663  0.87292818 0.84668508 0.86740331
  0.84944751 0.87569061 0.85911602 0.85773481]
 [0.89088398 0.84530387 0.86187845 0.87154696 0.84668508 0.87569061
  0.86325967 0.87569061 0.87292818 0.85220994]
 [0.89226519 0.86464088 0.86049724 0.88535912 0.8480663  0.87154696
  0.85773481 0.86187845 0.85911602 0.86464088]
 [0.87569061 0.86049724 0.87983425 0.87569061 0.84254144 0.85911602
  0.86187845 0.86464088 0.87292818 0.86464088]
 [0.9019337  0.87154696 0.85635359 0.87707182 0.85497238 0.86325967
  0.86187845 0.87569061 0.86878453 0.87845304]
 [0.88535912 0.86878453 0.87016575 0.88535912 0.85082873 0.86049724
  0.84944751 0.87292818 0.88674033 0.85359116]
 [0.87016575 0.85773481 0.86325967 0.87430939 0.84116022 0.85635359
  0.86740331 0.88121547 0.87430939 0.87707182]
 [0.87983425 0.87292818 0.87430939 0.8839779  0.86187845 0.85911602
  0.86325967 0.87430939 0.87983425 0.85911602]
 [0.87845304 0.88259669 0.86740331 0.87707182 0.84668508 0.86740331
  0.87983425 0.87292818 0.86878453 0.87016575]
 [0.87430939 0.86325967 0.88259669 0.87430939 0.85220994 0.86325967
  0.86325967 0.87569061 0.89779006 0.86878453]
 [0.87845304 0.86464088 0.88535912 0.8839779  0.84944751 0.87016575
  0.87016575 0.87430939 0.86325967 0.86464088]
 [0.88674033 0.87154696 0.86464088 0.86187845 0.84530387 0.86740331
  0.87707182 0.8839779  0.87707182 0.88259669]
 [0.87845304 0.86878453 0.87154696 0.8839779  0.83701657 0.88121547
  0.86049724 0.87016575 0.89364641 0.88259669]
 [0.88535912 0.8839779  0.86187845 0.87292818 0.85359116 0.8660221
  0.87569061 0.89088398 0.87016575 0.87292818]
 [0.85911602 0.86049724 0.87154696 0.87569061 0.83839779 0.87292818
  0.85635359 0.87845304 0.85497238 0.87983425]
 [0.88674033 0.87154696 0.85773481 0.87430939 0.83425414 0.88121547
  0.87569061 0.85911602 0.87292818 0.87983425]
 [0.87292818 0.86049724 0.87016575 0.8839779  0.85911602 0.87292818
  0.85773481 0.87707182 0.89502762 0.87016575]
 [0.88812155 0.87707182 0.88259669 0.87430939 0.85082873 0.8660221
  0.86878453 0.87154696 0.87569061 0.88121547]
 [0.89088398 0.8660221  0.88259669 0.86878453 0.85082873 0.86187845
  0.87983425 0.88121547 0.88121547 0.86740331]
 [0.87845304 0.8480663  0.87569061 0.88950276 0.85635359 0.86464088
  0.87707182 0.86740331 0.87430939 0.86740331]
 [0.89088398 0.88950276 0.87154696 0.87016575 0.85911602 0.85911602
  0.85911602 0.87983425 0.88674033 0.86464088]
 [0.88535912 0.87016575 0.8660221  0.87569061 0.84668508 0.86049724
  0.87569061 0.87845304 0.86740331 0.86878453]]