bank/BoostDT3

[1, 3, 5, 7, 9, 11, 13, 15, 17, 19, 21, 23, 25, 27, 29, 31, 33, 35, 37, 39, 41, 43, 45, 47, 49, 51, 53, 55, 57, 59, 61, 63, 65, 67, 69, 71, 73, 75, 77, 79, 81, 83, 85, 87, 89, 91, 93, 95, 97, 99]

[[0.9049101  0.90940526 0.91009682 0.90456432 0.91320885 0.90940526
  0.90836791 0.90594744 0.90525588 0.90733057]
 [0.95539419 0.95539419 0.95366528 0.95608575 0.95366528 0.96058091
  0.95401107 0.95573997 0.95193638 0.95470263]
 [0.9944675  0.98755187 0.98443983 0.98271093 0.98582296 0.99204703
  0.99170124 0.99170124 0.98720609 0.9906639 ]
 [0.99861687 0.99861687 0.99965422 0.99930844 1.         0.99965422
  0.99965422 0.99930844 0.99930844 0.99861687]
 [1.         1.         1.         1.         1.         1.
  1.         1.         1.         1.        ]
 [1.         1.         1.         1.         1.         1.
  1.         1.         1.         1.        ]
 [1.         1.         1.         1.         1.         1.
  1.         1.         1.         1.        ]
 [1.         1.         1.         1.         1.         1.
  1.         1.         1.         1.        ]
 [1.         1.         1.         1.         1.         1.
  1.         1.         1.         1.        ]
 [1.         1.         1.         1.         1.         1.
  1.         1.         1.         1.        ]
 [1.         1.         1.         1.         1.         1.
  1.         1.         1.         1.        ]
 [1.         1.         1.         1.         1.         1.
  1.         1.         1.         1.        ]
 [1.         1.         1.         1.         1.         1.
  1.         1.         1.         1.        ]
 [1.         1.         1.         1.         1.         1.
  1.         1.         1.         1.        ]
 [1.         1.         1.         1.         1.         1.
  1.         1.         1.         1.        ]
 [1.         1.         1.         1.         1.         1.
  1.         1.         1.         1.        ]
 [1.         1.         1.         1.         1.         1.
  1.         1.         1.         1.        ]
 [1.         1.         1.         1.         1.         1.
  1.         1.         1.         1.        ]
 [1.         1.         1.         1.         1.         1.
  1.         1.         1.         1.        ]
 [1.         1.         1.         1.         1.         1.
  1.         1.         1.         1.        ]
 [1.         1.         1.         1.         1.         1.
  1.         1.         1.         1.        ]
 [1.         1.         1.         1.         1.         1.
  1.         1.         1.         1.        ]
 [1.         1.         1.         1.         1.         1.
  1.         1.         1.         1.        ]
 [1.         1.         1.         1.         1.         1.
  1.         1.         1.         1.        ]
 [1.         1.         1.         1.         1.         1.
  1.         1.         1.         1.        ]
 [1.         1.         1.         1.         1.         1.
  1.         1.         1.         1.        ]
 [1.         1.         1.         1.         1.         1.
  1.         1.         1.         1.        ]
 [1.         1.         1.         1.         1.         1.
  1.         1.         1.         1.        ]
 [1.         1.         1.         1.         1.         1.
  1.         1.         1.         1.        ]
 [1.         1.         1.         1.         1.         1.
  1.         1.         1.         1.        ]
 [1.         1.         1.         1.         1.         1.
  1.         1.         1.         1.        ]
 [1.         1.         1.         1.         1.         1.
  1.         1.         1.         1.        ]
 [1.         1.         1.         1.         1.         1.
  1.         1.         1.         1.        ]
 [1.         1.         1.         1.         1.         1.
  1.         1.         1.         1.        ]
 [1.         1.         1.         1.         1.         1.
  1.         1.         1.         1.        ]
 [1.         1.         1.         1.         1.         1.
  1.         1.         1.         1.        ]
 [1.         1.         1.         1.         1.         1.
  1.         1.         1.         1.        ]
 [1.         1.         1.         1.         1.         1.
  1.         1.         1.         1.        ]
 [1.         1.         1.         1.         1.         1.
  1.         1.         1.         1.        ]
 [1.         1.         1.         1.         1.         1.
  1.         1.         1.         1.        ]
 [1.         1.         1.         1.         1.         1.
  1.         1.         1.         1.        ]
 [1.         1.         1.         1.         1.         1.
  1.         1.         1.         1.        ]
 [1.         1.         1.         1.         1.         1.
  1.         1.         1.         1.        ]
 [1.         1.         1.         1.         1.         1.
  1.         1.         1.         1.        ]
 [1.         1.         1.         1.         1.         1.
  1.         1.         1.         1.        ]
 [1.         1.         1.         1.         1.         1.
  1.         1.         1.         1.        ]
 [1.         1.         1.         1.         1.         1.
  1.         1.         1.         1.        ]
 [1.         1.         1.         1.         1.         1.
  1.         1.         1.         1.        ]
 [1.         1.         1.         1.         1.         1.
  1.         1.         1.         1.        ]
 [1.         1.         1.         1.         1.         1.
  1.         1.         1.         1.        ]]

[[0.89226519 0.87430939 0.89502762 0.90883978 0.87154696 0.88535912
  0.89779006 0.89502762 0.88535912 0.9019337 ]
 [0.87983425 0.86464088 0.85359116 0.86187845 0.85359116 0.86187845
  0.86464088 0.87430939 0.87707182 0.86464088]
 [0.85635359 0.86325967 0.85359116 0.87016575 0.85911602 0.8660221
  0.85220994 0.88259669 0.85911602 0.86878453]
 [0.85635359 0.8480663  0.85359116 0.87154696 0.8480663  0.8660221
  0.85497238 0.86464088 0.87016575 0.85359116]
 [0.89226519 0.8480663  0.86464088 0.86740331 0.83701657 0.86325967
  0.86049724 0.86049724 0.86049724 0.8660221 ]
 [0.85773481 0.85359116 0.87154696 0.88259669 0.85082873 0.85911602
  0.87154696 0.86049724 0.86464088 0.87016575]
 [0.89640884 0.85635359 0.8660221  0.87707182 0.8480663  0.86187845
  0.8660221  0.86464088 0.87707182 0.87292818]
 [0.8839779  0.85911602 0.87430939 0.87292818 0.84530387 0.87569061
  0.87707182 0.87016575 0.87292818 0.87154696]
 [0.8660221  0.85773481 0.87707182 0.87707182 0.85220994 0.87569061
  0.85359116 0.88259669 0.87430939 0.86187845]
 [0.86878453 0.85497238 0.87292818 0.87016575 0.85773481 0.8839779
  0.85635359 0.87292818 0.87569061 0.87983425]
 [0.87845304 0.85635359 0.85773481 0.87154696 0.86187845 0.87292818
  0.87430939 0.86740331 0.88674033 0.87569061]
 [0.89502762 0.85220994 0.88121547 0.87016575 0.86878453 0.89088398
  0.87154696 0.87983425 0.88259669 0.87707182]
 [0.8839779  0.86464088 0.87430939 0.85911602 0.86464088 0.87845304
  0.86878453 0.86878453 0.87292818 0.88535912]
 [0.88812155 0.86049724 0.87154696 0.87707182 0.86325967 0.87154696
  0.86878453 0.86878453 0.8839779  0.87430939]
 [0.88535912 0.87154696 0.88535912 0.88121547 0.85911602 0.87292818
  0.86325967 0.87707182 0.87292818 0.87154696]
 [0.89088398 0.87154696 0.87016575 0.88121547 0.85911602 0.8660221
  0.87707182 0.88121547 0.89088398 0.86325967]
 [0.87707182 0.87016575 0.87154696 0.87983425 0.87154696 0.88121547
  0.87292818 0.88674033 0.87016575 0.87154696]
 [0.87154696 0.87154696 0.88259669 0.88950276 0.85082873 0.87707182
  0.88674033 0.86187845 0.87707182 0.87569061]
 [0.88535912 0.87430939 0.8839779  0.88812155 0.85773481 0.87569061
  0.87845304 0.87707182 0.88121547 0.87845304]
 [0.87707182 0.8660221  0.89088398 0.87569061 0.85359116 0.87569061
  0.87430939 0.87845304 0.88121547 0.88812155]
 [0.88674033 0.85635359 0.85773481 0.88535912 0.85911602 0.87845304
  0.86878453 0.87845304 0.89088398 0.87983425]
 [0.88259669 0.8660221  0.86740331 0.88950276 0.85635359 0.87569061
  0.85773481 0.87154696 0.88535912 0.8839779 ]
 [0.88674033 0.87292818 0.88121547 0.87845304 0.85497238 0.88812155
  0.87569061 0.86878453 0.87707182 0.88259669]
 [0.89917127 0.88259669 0.88259669 0.87430939 0.85220994 0.87707182
  0.88812155 0.88259669 0.88121547 0.89226519]
 [0.89226519 0.86740331 0.86464088 0.8839779  0.86740331 0.8839779
  0.87016575 0.87707182 0.87569061 0.88674033]
 [0.88812155 0.86049724 0.86878453 0.87707182 0.86325967 0.87569061
  0.88121547 0.86740331 0.8839779  0.87430939]
 [0.89364641 0.86740331 0.87983425 0.8839779  0.87154696 0.88259669
  0.87292818 0.87292818 0.88535912 0.87983425]
 [0.8839779  0.87016575 0.87016575 0.87845304 0.87292818 0.88535912
  0.87569061 0.87845304 0.87845304 0.88674033]
 [0.89502762 0.86740331 0.88121547 0.89088398 0.86049724 0.87430939
  0.87154696 0.87569061 0.87707182 0.88259669]
 [0.87569061 0.87983425 0.88259669 0.87983425 0.86049724 0.87569061
  0.87845304 0.87707182 0.88535912 0.88121547]
 [0.89364641 0.88950276 0.8839779  0.87154696 0.86464088 0.88121547
  0.87707182 0.87016575 0.87016575 0.88121547]
 [0.87430939 0.87845304 0.8839779  0.89226519 0.86878453 0.88259669
  0.87154696 0.87292818 0.89779006 0.89088398]
 [0.89226519 0.87016575 0.87430939 0.89088398 0.86049724 0.88812155
  0.87016575 0.87845304 0.87845304 0.88535912]
 [0.89088398 0.87983425 0.88674033 0.88674033 0.85220994 0.86878453
  0.86464088 0.87292818 0.89226519 0.89779006]
 [0.89088398 0.88121547 0.88674033 0.88674033 0.86464088 0.8839779
  0.88121547 0.8839779  0.8839779  0.87430939]
 [0.89502762 0.87983425 0.88121547 0.87569061 0.86878453 0.87845304
  0.87845304 0.8839779  0.88950276 0.88950276]
 [0.90331492 0.86325967 0.86878453 0.8839779  0.85082873 0.88121547
  0.87845304 0.88121547 0.8839779  0.88674033]
 [0.89502762 0.86740331 0.8839779  0.88121547 0.85773481 0.87707182
  0.87016575 0.87707182 0.88812155 0.88535912]
 [0.8839779  0.86049724 0.86878453 0.88674033 0.8660221  0.88535912
  0.87016575 0.87430939 0.89502762 0.88121547]
 [0.88121547 0.86740331 0.88259669 0.87845304 0.86187845 0.87569061
  0.87569061 0.89226519 0.8839779  0.88121547]
 [0.89088398 0.87292818 0.88674033 0.87569061 0.87569061 0.87845304
  0.87983425 0.88812155 0.88259669 0.88259669]
 [0.89917127 0.86187845 0.87016575 0.88121547 0.85497238 0.88259669
  0.8839779  0.88535912 0.89364641 0.87016575]
 [0.8839779  0.86740331 0.87983425 0.89917127 0.86464088 0.88535912
  0.86187845 0.87430939 0.88535912 0.88950276]
 [0.89088398 0.87707182 0.87154696 0.87292818 0.86878453 0.87292818
  0.87983425 0.87983425 0.88950276 0.89364641]
 [0.90331492 0.87845304 0.87016575 0.8839779  0.85497238 0.87845304
  0.8839779  0.87845304 0.89779006 0.89088398]
 [0.88950276 0.87154696 0.89088398 0.88950276 0.85773481 0.88259669
  0.87430939 0.87569061 0.89502762 0.88535912]
 [0.88812155 0.8839779  0.87430939 0.88674033 0.87569061 0.8839779
  0.88121547 0.88121547 0.88812155 0.89364641]
 [0.88950276 0.88259669 0.8839779  0.89502762 0.86740331 0.86464088
  0.87016575 0.87845304 0.88535912 0.88535912]
 [0.88674033 0.87016575 0.88259669 0.88812155 0.86049724 0.87983425
  0.88535912 0.87845304 0.89502762 0.88535912]
 [0.9019337  0.86464088 0.8839779  0.8839779  0.86325967 0.87569061
  0.8839779  0.88121547 0.88812155 0.89088398]]