bank/DT2

[1, 2, 3, 4, 5, 6, 7, 8, 9, 10, 11, 12, 13, 14, 15, 16, 17, 18, 19, 20, 21, 22, 23, 24, 25, 26, 27, 28, 29, 30, 31, 32, 33, 34, 35, 36, 37, 38, 39, 40, 41, 42, 43, 44, 45, 46, 47, 48, 49]

[[1.         1.         1.         1.         1.         1.
  1.         1.         1.         1.        ]
 [0.97786999 0.97959889 0.9775242  0.97890733 0.97510373 0.97786999
  0.97337483 0.97890733 0.97821577 0.9775242 ]
 [0.96300138 0.96611342 0.9626556  0.96818811 0.96507607 0.96334716
  0.96196404 0.97060858 0.96576763 0.96369295]
 [0.95055325 0.95159059 0.95193638 0.95470263 0.95643154 0.95297372
  0.94986169 0.95885201 0.95262794 0.9533195 ]
 [0.94674965 0.94605809 0.94260028 0.94951591 0.95228216 0.94605809
  0.94571231 0.94502075 0.94363762 0.94467497]
 [0.94087137 0.94052559 0.93533887 0.94156293 0.94432918 0.93914246
  0.93948824 0.93741355 0.93983402 0.93914246]
 [0.93568465 0.93637621 0.93222683 0.93810512 0.93810512 0.93706777
  0.93533887 0.93568465 0.93326418 0.93706777]
 [0.93326418 0.93222683 0.92980636 0.93118949 0.93603043 0.93153527
  0.93188105 0.93222683 0.92738589 0.93118949]
 [0.93049793 0.92842324 0.92461964 0.92807746 0.93499308 0.92634855
  0.93084371 0.93015214 0.92842324 0.9253112 ]
 [0.92842324 0.92427386 0.92219917 0.92773167 0.93499308 0.9235823
  0.9291148  0.92738589 0.92773167 0.92012448]
 [0.92600277 0.92219917 0.92219917 0.92254495 0.9329184  0.92047026
  0.92427386 0.9253112  0.9235823  0.91770401]
 [0.92323651 0.92150761 0.9197787  0.92150761 0.93188105 0.91908714
  0.92219917 0.92254495 0.92012448 0.91632089]
 [0.91735823 0.92116183 0.91874136 0.91528354 0.92946058 0.91701245
  0.92150761 0.92012448 0.9197787  0.9142462 ]
 [0.91562932 0.92081604 0.91770401 0.91459198 0.92738589 0.91666667
  0.9197787  0.91943292 0.91943292 0.9142462 ]
 [0.91251729 0.92081604 0.91735823 0.91390041 0.92496542 0.91666667
  0.91666667 0.91804979 0.91908714 0.9142462 ]
 [0.91113416 0.92116183 0.91666667 0.91355463 0.9235823  0.91493776
  0.9142462  0.91562932 0.91701245 0.91078838]
 [0.91078838 0.91735823 0.91735823 0.91217151 0.92150761 0.91493776
  0.91251729 0.91562932 0.91147994 0.90871369]
 [0.91078838 0.91459198 0.91562932 0.91182573 0.91943292 0.91320885
  0.91182573 0.91493776 0.91147994 0.90767635]
 [0.91147994 0.91390041 0.9159751  0.91147994 0.91770401 0.91320885
  0.91182573 0.91286307 0.9104426  0.90767635]
 [0.90905947 0.91355463 0.91562932 0.90871369 0.91666667 0.91320885
  0.91147994 0.91286307 0.90975104 0.90767635]
 [0.90905947 0.91251729 0.91147994 0.90905947 0.91632089 0.91320885
  0.91147994 0.91078838 0.90905947 0.90767635]
 [0.90767635 0.91182573 0.9104426  0.90733057 0.91459198 0.91217151
  0.91113416 0.9104426  0.90733057 0.90733057]
 [0.90767635 0.91009682 0.9104426  0.906639   0.91459198 0.91182573
  0.91009682 0.9104426  0.90733057 0.90733057]
 [0.90733057 0.90975104 0.9104426  0.906639   0.91459198 0.9104426
  0.90940526 0.90836791 0.90767635 0.90733057]
 [0.9049101  0.90940526 0.91009682 0.90456432 0.91320885 0.90940526
  0.90836791 0.90594744 0.90525588 0.90733057]
 [0.9049101  0.90940526 0.90940526 0.90387275 0.91320885 0.90698479
  0.90836791 0.90629322 0.90525588 0.90698479]
 [0.9049101  0.90871369 0.90905947 0.90352697 0.91320885 0.90698479
  0.90836791 0.90594744 0.9049101  0.90525588]
 [0.9049101  0.90836791 0.90767635 0.90352697 0.91320885 0.90698479
  0.90836791 0.9049101  0.9049101  0.90525588]
 [0.9049101  0.90767635 0.90767635 0.90352697 0.91320885 0.90698479
  0.90836791 0.9049101  0.9049101  0.90525588]
 [0.90387275 0.90629322 0.90802213 0.90352697 0.91320885 0.90698479
  0.90733057 0.9049101  0.90456432 0.90525588]
 [0.90387275 0.90594744 0.90802213 0.90179806 0.91320885 0.90698479
  0.90733057 0.9049101  0.9049101  0.9049101 ]
 [0.90318119 0.90594744 0.90767635 0.90179806 0.91147994 0.90698479
  0.90733057 0.9049101  0.90525588 0.9049101 ]
 [0.90214385 0.90594744 0.90767635 0.90179806 0.91147994 0.90698479
  0.90733057 0.9049101  0.90456432 0.9049101 ]
 [0.90214385 0.90525588 0.90767635 0.90179806 0.91147994 0.906639
  0.90733057 0.9049101  0.90421853 0.90456432]
 [0.90214385 0.90179806 0.90767635 0.90179806 0.91182573 0.906639
  0.90733057 0.9049101  0.90421853 0.90421853]
 [0.90214385 0.90179806 0.90767635 0.90179806 0.91182573 0.906639
  0.90560166 0.90421853 0.90387275 0.90421853]
 [0.90214385 0.90179806 0.90767635 0.90179806 0.91182573 0.906639
  0.90560166 0.90387275 0.9011065  0.90421853]
 [0.90214385 0.90179806 0.90767635 0.90179806 0.91182573 0.90629322
  0.90560166 0.90387275 0.89972337 0.90248963]
 [0.90214385 0.90179806 0.90767635 0.90145228 0.91182573 0.90352697
  0.90560166 0.90248963 0.89972337 0.90214385]
 [0.90179806 0.90179806 0.90767635 0.9011065  0.91078838 0.90214385
  0.90560166 0.90214385 0.89972337 0.90214385]
 [0.90179806 0.90179806 0.906639   0.90076072 0.91078838 0.90214385
  0.90560166 0.90006916 0.89972337 0.90214385]
 [0.90179806 0.90179806 0.906639   0.90076072 0.91078838 0.90214385
  0.90248963 0.90006916 0.89972337 0.90214385]
 [0.90179806 0.90179806 0.906639   0.90076072 0.91078838 0.90214385
  0.90248963 0.90006916 0.89972337 0.90214385]
 [0.90179806 0.90179806 0.906639   0.89903181 0.91078838 0.90214385
  0.90248963 0.90006916 0.89972337 0.90214385]
 [0.90179806 0.90179806 0.906639   0.89903181 0.91078838 0.90214385
  0.90248963 0.90006916 0.89972337 0.90214385]
 [0.90179806 0.90145228 0.906639   0.89903181 0.91078838 0.90214385
  0.90248963 0.90006916 0.89972337 0.90214385]
 [0.90179806 0.90076072 0.906639   0.89903181 0.91078838 0.90214385
  0.90248963 0.90006916 0.89972337 0.90214385]
 [0.90179806 0.90076072 0.906639   0.89972337 0.91078838 0.90214385
  0.90248963 0.90006916 0.89972337 0.90214385]
 [0.90179806 0.90076072 0.906639   0.89972337 0.91078838 0.90214385
  0.90248963 0.90006916 0.89972337 0.90214385]]

[[0.85773481 0.84116022 0.85497238 0.86187845 0.84254144 0.86740331
  0.87430939 0.87154696 0.85911602 0.86740331]
 [0.86878453 0.86049724 0.8839779  0.86878453 0.86187845 0.86049724
  0.87154696 0.87430939 0.86464088 0.87845304]
 [0.86740331 0.86049724 0.86325967 0.86325967 0.86187845 0.85082873
  0.8660221  0.87845304 0.85635359 0.88121547]
 [0.87430939 0.87430939 0.85635359 0.87569061 0.8660221  0.87430939
  0.8839779  0.87292818 0.87154696 0.88674033]
 [0.87016575 0.86325967 0.8480663  0.87569061 0.84530387 0.85635359
  0.87569061 0.88812155 0.87707182 0.88812155]
 [0.88121547 0.87707182 0.86049724 0.87845304 0.84392265 0.87154696
  0.87983425 0.88950276 0.87154696 0.88950276]
 [0.8839779  0.87430939 0.85635359 0.88950276 0.85773481 0.87016575
  0.87707182 0.88950276 0.87983425 0.88259669]
 [0.88950276 0.86878453 0.87154696 0.89364641 0.84392265 0.86464088
  0.87154696 0.88950276 0.89088398 0.88121547]
 [0.89502762 0.8660221  0.88121547 0.88950276 0.84668508 0.87430939
  0.87983425 0.89226519 0.88812155 0.88121547]
 [0.88812155 0.86325967 0.88535912 0.88259669 0.85635359 0.88812155
  0.88535912 0.89088398 0.88121547 0.88812155]
 [0.88259669 0.86325967 0.87983425 0.90331492 0.85497238 0.89640884
  0.88259669 0.88674033 0.87569061 0.88812155]
 [0.88950276 0.86464088 0.88950276 0.89640884 0.85082873 0.88950276
  0.87983425 0.89226519 0.8839779  0.89226519]
 [0.89640884 0.87154696 0.8839779  0.89917127 0.85911602 0.89226519
  0.88535912 0.89226519 0.8839779  0.9019337 ]
 [0.90055249 0.86878453 0.89226519 0.90055249 0.85635359 0.89226519
  0.88259669 0.89364641 0.88674033 0.9019337 ]
 [0.88950276 0.86464088 0.88950276 0.9019337  0.86187845 0.89226519
  0.88950276 0.89917127 0.88812155 0.89502762]
 [0.89779006 0.87154696 0.89088398 0.89640884 0.85635359 0.88812155
  0.89502762 0.89640884 0.8839779  0.89917127]
 [0.90055249 0.87154696 0.89088398 0.90607735 0.8480663  0.88812155
  0.89226519 0.89640884 0.88674033 0.90331492]
 [0.89640884 0.8839779  0.89364641 0.90331492 0.86049724 0.87707182
  0.89640884 0.89640884 0.88674033 0.90331492]
 [0.89917127 0.88535912 0.89088398 0.90331492 0.86325967 0.87569061
  0.89640884 0.89640884 0.88259669 0.90055249]
 [0.89640884 0.88674033 0.88950276 0.90745856 0.86325967 0.87569061
  0.89640884 0.89226519 0.88121547 0.90055249]
 [0.89640884 0.88259669 0.89502762 0.90469613 0.85773481 0.87569061
  0.89640884 0.89088398 0.8839779  0.90055249]
 [0.89640884 0.8839779  0.89502762 0.89917127 0.85911602 0.88259669
  0.89364641 0.89088398 0.88535912 0.9019337 ]
 [0.89640884 0.87707182 0.89502762 0.9019337  0.85911602 0.8839779
  0.89502762 0.88812155 0.88535912 0.9019337 ]
 [0.89640884 0.88121547 0.89502762 0.9019337  0.86464088 0.88259669
  0.89779006 0.89640884 0.88674033 0.9019337 ]
 [0.89226519 0.87430939 0.89502762 0.90883978 0.87154696 0.88535912
  0.89779006 0.89502762 0.88535912 0.9019337 ]
 [0.89226519 0.87430939 0.89364641 0.90607735 0.87154696 0.89502762
  0.89779006 0.88674033 0.88535912 0.9019337 ]
 [0.89226519 0.87983425 0.89364641 0.90469613 0.87154696 0.89088398
  0.89779006 0.88674033 0.8839779  0.89779006]
 [0.89226519 0.87983425 0.88950276 0.90469613 0.87016575 0.89088398
  0.89779006 0.89226519 0.8839779  0.89779006]
 [0.89226519 0.87983425 0.88535912 0.89917127 0.87016575 0.89088398
  0.89779006 0.89226519 0.8839779  0.89779006]
 [0.89502762 0.8839779  0.87845304 0.89917127 0.87016575 0.89088398
  0.88535912 0.89226519 0.8839779  0.89779006]
 [0.89502762 0.88812155 0.87845304 0.89779006 0.87016575 0.89088398
  0.89226519 0.89226519 0.88535912 0.89779006]
 [0.89502762 0.88674033 0.88535912 0.90055249 0.86187845 0.89088398
  0.89226519 0.89088398 0.8839779  0.89779006]
 [0.89226519 0.88812155 0.88535912 0.90055249 0.86187845 0.88812155
  0.89226519 0.89088398 0.88535912 0.89779006]
 [0.89226519 0.88812155 0.88535912 0.90055249 0.86187845 0.88674033
  0.89226519 0.89088398 0.89088398 0.89779006]
 [0.89226519 0.87845304 0.88535912 0.90055249 0.86049724 0.88674033
  0.89226519 0.89088398 0.89088398 0.89779006]
 [0.89226519 0.87845304 0.88535912 0.90055249 0.86049724 0.88674033
  0.89364641 0.89088398 0.88950276 0.89779006]
 [0.89226519 0.87845304 0.88535912 0.90055249 0.86049724 0.88950276
  0.89364641 0.89226519 0.88812155 0.89917127]
 [0.89226519 0.87845304 0.88535912 0.90055249 0.86049724 0.88950276
  0.88812155 0.89088398 0.88950276 0.89364641]
 [0.89226519 0.87845304 0.88535912 0.9019337  0.86049724 0.88535912
  0.88812155 0.89640884 0.88950276 0.89364641]
 [0.89364641 0.87983425 0.88535912 0.90469613 0.85220994 0.88121547
  0.88812155 0.90055249 0.88950276 0.89364641]
 [0.89364641 0.87983425 0.88259669 0.90745856 0.85220994 0.88121547
  0.88812155 0.89917127 0.88950276 0.89364641]
 [0.89364641 0.87983425 0.88259669 0.90745856 0.85220994 0.88121547
  0.88674033 0.89917127 0.88950276 0.89364641]
 [0.89364641 0.87983425 0.88259669 0.90745856 0.85220994 0.88121547
  0.88674033 0.89917127 0.88950276 0.89364641]
 [0.89364641 0.87845304 0.88259669 0.9019337  0.85220994 0.88121547
  0.88674033 0.89917127 0.88950276 0.89364641]
 [0.89364641 0.87845304 0.88259669 0.89917127 0.85220994 0.88121547
  0.88674033 0.89917127 0.88950276 0.89364641]
 [0.89364641 0.87707182 0.88259669 0.89917127 0.85220994 0.88121547
  0.88674033 0.89917127 0.88950276 0.89364641]
 [0.89364641 0.87707182 0.88259669 0.89917127 0.85220994 0.88121547
  0.88674033 0.89917127 0.88950276 0.89364641]
 [0.89364641 0.87707182 0.88259669 0.9019337  0.85220994 0.88121547
  0.88674033 0.89917127 0.88950276 0.89364641]
 [0.89364641 0.88259669 0.88259669 0.9019337  0.85220994 0.88121547
  0.88674033 0.89917127 0.88950276 0.89364641]]