bank/DT3

[1, 2, 3, 4, 5, 6, 7, 8, 9, 10, 11, 12, 13, 14, 15, 16, 17, 18, 19, 20, 21, 22, 23, 24, 25, 26, 27, 28, 29, 30, 31, 32, 33, 34, 35, 36, 37, 38, 39, 40, 41, 42, 43, 44, 45, 46, 47, 48, 49]

[[0.88692946 0.89004149 0.88900415 0.88658368 0.89453665 0.88969571
  0.88900415 0.88900415 0.88727524 0.88865837]
 [0.90145228 0.89522822 0.90318119 0.89903181 0.91078838 0.89384509
  0.90248963 0.90006916 0.89211618 0.90214385]
 [0.90214385 0.90318119 0.90629322 0.89972337 0.91147994 0.90248963
  0.90283541 0.90283541 0.90145228 0.90733057]
 [0.9049101  0.90318119 0.91009682 0.90421853 0.91320885 0.90802213
  0.90836791 0.90594744 0.90214385 0.90733057]
 [0.9049101  0.90940526 0.91009682 0.90456432 0.91320885 0.90940526
  0.90836791 0.90594744 0.90525588 0.90733057]
 [0.9049101  0.90940526 0.91009682 0.90456432 0.91320885 0.90940526
  0.90836791 0.90594744 0.90525588 0.90733057]
 [0.9049101  0.90940526 0.91009682 0.90456432 0.91320885 0.90940526
  0.90836791 0.90594744 0.90525588 0.90733057]
 [0.9049101  0.90940526 0.91009682 0.90456432 0.91320885 0.90940526
  0.90836791 0.90594744 0.90525588 0.90733057]
 [0.9049101  0.90940526 0.91009682 0.90456432 0.91320885 0.90940526
  0.90836791 0.90594744 0.90525588 0.90733057]
 [0.9049101  0.90940526 0.91009682 0.90456432 0.91320885 0.90940526
  0.90836791 0.90594744 0.90525588 0.90733057]
 [0.9049101  0.90940526 0.91009682 0.90456432 0.91320885 0.90940526
  0.90836791 0.90594744 0.90525588 0.90733057]
 [0.9049101  0.90940526 0.91009682 0.90456432 0.91320885 0.90940526
  0.90836791 0.90594744 0.90525588 0.90733057]
 [0.9049101  0.90940526 0.91009682 0.90456432 0.91320885 0.90940526
  0.90836791 0.90594744 0.90525588 0.90733057]
 [0.9049101  0.90940526 0.91009682 0.90456432 0.91320885 0.90940526
  0.90836791 0.90594744 0.90525588 0.90733057]
 [0.9049101  0.90940526 0.91009682 0.90456432 0.91320885 0.90940526
  0.90836791 0.90594744 0.90525588 0.90733057]
 [0.9049101  0.90940526 0.91009682 0.90456432 0.91320885 0.90940526
  0.90836791 0.90594744 0.90525588 0.90733057]
 [0.9049101  0.90940526 0.91009682 0.90456432 0.91320885 0.90940526
  0.90836791 0.90594744 0.90525588 0.90733057]
 [0.9049101  0.90940526 0.91009682 0.90456432 0.91320885 0.90940526
  0.90836791 0.90594744 0.90525588 0.90733057]
 [0.9049101  0.90940526 0.91009682 0.90456432 0.91320885 0.90940526
  0.90836791 0.90594744 0.90525588 0.90733057]
 [0.9049101  0.90940526 0.91009682 0.90456432 0.91320885 0.90940526
  0.90836791 0.90594744 0.90525588 0.90733057]
 [0.9049101  0.90940526 0.91009682 0.90456432 0.91320885 0.90940526
  0.90836791 0.90594744 0.90525588 0.90733057]
 [0.9049101  0.90940526 0.91009682 0.90456432 0.91320885 0.90940526
  0.90836791 0.90594744 0.90525588 0.90733057]
 [0.9049101  0.90940526 0.91009682 0.90456432 0.91320885 0.90940526
  0.90836791 0.90594744 0.90525588 0.90733057]
 [0.9049101  0.90940526 0.91009682 0.90456432 0.91320885 0.90940526
  0.90836791 0.90594744 0.90525588 0.90733057]
 [0.9049101  0.90940526 0.91009682 0.90456432 0.91320885 0.90940526
  0.90836791 0.90594744 0.90525588 0.90733057]
 [0.9049101  0.90940526 0.91009682 0.90456432 0.91320885 0.90940526
  0.90836791 0.90594744 0.90525588 0.90733057]
 [0.9049101  0.90940526 0.91009682 0.90456432 0.91320885 0.90940526
  0.90836791 0.90594744 0.90525588 0.90733057]
 [0.9049101  0.90940526 0.91009682 0.90456432 0.91320885 0.90940526
  0.90836791 0.90594744 0.90525588 0.90733057]
 [0.9049101  0.90940526 0.91009682 0.90456432 0.91320885 0.90940526
  0.90836791 0.90594744 0.90525588 0.90733057]
 [0.9049101  0.90940526 0.91009682 0.90456432 0.91320885 0.90940526
  0.90836791 0.90594744 0.90525588 0.90733057]
 [0.9049101  0.90940526 0.91009682 0.90456432 0.91320885 0.90940526
  0.90836791 0.90594744 0.90525588 0.90733057]
 [0.9049101  0.90940526 0.91009682 0.90456432 0.91320885 0.90940526
  0.90836791 0.90594744 0.90525588 0.90733057]
 [0.9049101  0.90940526 0.91009682 0.90456432 0.91320885 0.90940526
  0.90836791 0.90594744 0.90525588 0.90733057]
 [0.9049101  0.90940526 0.91009682 0.90456432 0.91320885 0.90940526
  0.90836791 0.90594744 0.90525588 0.90733057]
 [0.9049101  0.90940526 0.91009682 0.90456432 0.91320885 0.90940526
  0.90836791 0.90594744 0.90525588 0.90733057]
 [0.9049101  0.90940526 0.91009682 0.90456432 0.91320885 0.90940526
  0.90836791 0.90594744 0.90525588 0.90733057]
 [0.9049101  0.90940526 0.91009682 0.90456432 0.91320885 0.90940526
  0.90836791 0.90594744 0.90525588 0.90733057]
 [0.9049101  0.90940526 0.91009682 0.90456432 0.91320885 0.90940526
  0.90836791 0.90594744 0.90525588 0.90733057]
 [0.9049101  0.90940526 0.91009682 0.90456432 0.91320885 0.90940526
  0.90836791 0.90594744 0.90525588 0.90733057]
 [0.9049101  0.90940526 0.91009682 0.90456432 0.91320885 0.90940526
  0.90836791 0.90594744 0.90525588 0.90733057]
 [0.9049101  0.90940526 0.91009682 0.90456432 0.91320885 0.90940526
  0.90836791 0.90594744 0.90525588 0.90733057]
 [0.9049101  0.90940526 0.91009682 0.90456432 0.91320885 0.90940526
  0.90836791 0.90594744 0.90525588 0.90733057]
 [0.9049101  0.90940526 0.91009682 0.90456432 0.91320885 0.90940526
  0.90836791 0.90594744 0.90525588 0.90733057]
 [0.9049101  0.90940526 0.91009682 0.90456432 0.91320885 0.90940526
  0.90836791 0.90594744 0.90525588 0.90733057]
 [0.9049101  0.90940526 0.91009682 0.90456432 0.91320885 0.90940526
  0.90836791 0.90594744 0.90525588 0.90733057]
 [0.9049101  0.90940526 0.91009682 0.90456432 0.91320885 0.90940526
  0.90836791 0.90594744 0.90525588 0.90733057]
 [0.9049101  0.90940526 0.91009682 0.90456432 0.91320885 0.90940526
  0.90836791 0.90594744 0.90525588 0.90733057]
 [0.9049101  0.90940526 0.91009682 0.90456432 0.91320885 0.90940526
  0.90836791 0.90594744 0.90525588 0.90733057]
 [0.9049101  0.90940526 0.91009682 0.90456432 0.91320885 0.90940526
  0.90836791 0.90594744 0.90525588 0.90733057]]

[[0.88259669 0.87430939 0.87983425 0.88812155 0.85635359 0.87569061
  0.87845304 0.87845304 0.88535912 0.88121547]
 [0.89502762 0.87569061 0.88950276 0.89917127 0.85220994 0.87983425
  0.88674033 0.90055249 0.88674033 0.89364641]
 [0.89226519 0.87292818 0.88535912 0.89502762 0.86187845 0.87845304
  0.89226519 0.89364641 0.88812155 0.9019337 ]
 [0.89226519 0.87292818 0.89502762 0.90331492 0.87154696 0.8839779
  0.89779006 0.89226519 0.88812155 0.9019337 ]
 [0.89226519 0.87430939 0.89502762 0.90331492 0.87154696 0.88535912
  0.89779006 0.89502762 0.88535912 0.9019337 ]
 [0.89226519 0.87430939 0.89502762 0.90331492 0.87154696 0.88535912
  0.89779006 0.89502762 0.88535912 0.9019337 ]
 [0.89226519 0.87430939 0.89502762 0.90331492 0.87154696 0.88535912
  0.89779006 0.89502762 0.88535912 0.9019337 ]
 [0.89226519 0.87430939 0.89502762 0.90331492 0.87154696 0.88535912
  0.89779006 0.89502762 0.88535912 0.9019337 ]
 [0.89226519 0.87430939 0.89502762 0.90883978 0.87154696 0.88535912
  0.89779006 0.89502762 0.88535912 0.9019337 ]
 [0.89226519 0.87430939 0.89502762 0.90883978 0.87154696 0.88535912
  0.89779006 0.89502762 0.88535912 0.9019337 ]
 [0.89226519 0.87430939 0.89502762 0.90883978 0.87154696 0.88535912
  0.89779006 0.89502762 0.88535912 0.9019337 ]
 [0.89226519 0.87430939 0.89502762 0.90331492 0.87154696 0.88535912
  0.89779006 0.89502762 0.88535912 0.9019337 ]
 [0.89226519 0.87430939 0.89502762 0.90331492 0.87154696 0.88535912
  0.89779006 0.89502762 0.88535912 0.9019337 ]
 [0.89226519 0.87430939 0.89502762 0.90883978 0.87154696 0.88535912
  0.89779006 0.89502762 0.88535912 0.9019337 ]
 [0.89226519 0.87430939 0.89502762 0.90331492 0.87154696 0.88535912
  0.89779006 0.89502762 0.88535912 0.9019337 ]
 [0.89226519 0.87430939 0.89502762 0.90331492 0.87154696 0.88535912
  0.89779006 0.89502762 0.88535912 0.9019337 ]
 [0.89226519 0.87430939 0.89502762 0.90331492 0.87154696 0.88535912
  0.89779006 0.89502762 0.88535912 0.9019337 ]
 [0.89226519 0.87430939 0.89502762 0.90331492 0.87154696 0.88535912
  0.89779006 0.89502762 0.88535912 0.9019337 ]
 [0.89226519 0.87430939 0.89502762 0.90331492 0.87154696 0.88535912
  0.89779006 0.89502762 0.88535912 0.9019337 ]
 [0.89226519 0.87430939 0.89502762 0.90883978 0.87154696 0.88535912
  0.89779006 0.89502762 0.88535912 0.9019337 ]
 [0.89226519 0.87430939 0.89502762 0.90883978 0.87154696 0.88535912
  0.89779006 0.89502762 0.88535912 0.9019337 ]
 [0.89226519 0.87430939 0.89502762 0.90883978 0.87154696 0.88535912
  0.89779006 0.89502762 0.88535912 0.9019337 ]
 [0.89226519 0.87430939 0.89502762 0.90883978 0.87154696 0.88535912
  0.89779006 0.89502762 0.88535912 0.9019337 ]
 [0.89226519 0.87430939 0.89502762 0.90331492 0.87154696 0.88535912
  0.89779006 0.89502762 0.88535912 0.9019337 ]
 [0.89226519 0.87430939 0.89502762 0.90331492 0.87154696 0.88535912
  0.89779006 0.89502762 0.88535912 0.9019337 ]
 [0.89226519 0.87430939 0.89502762 0.90883978 0.87154696 0.88535912
  0.89779006 0.89502762 0.88535912 0.9019337 ]
 [0.89226519 0.87430939 0.89502762 0.90331492 0.87154696 0.88535912
  0.89779006 0.89502762 0.88535912 0.9019337 ]
 [0.89226519 0.87430939 0.89502762 0.90883978 0.87154696 0.88535912
  0.89779006 0.89502762 0.88535912 0.9019337 ]
 [0.89226519 0.87430939 0.89502762 0.90331492 0.87154696 0.88535912
  0.89779006 0.89502762 0.88535912 0.9019337 ]
 [0.89226519 0.87430939 0.89502762 0.90883978 0.87154696 0.88535912
  0.89779006 0.89502762 0.88535912 0.9019337 ]
 [0.89226519 0.87430939 0.89502762 0.90883978 0.87154696 0.88535912
  0.89779006 0.89502762 0.88535912 0.9019337 ]
 [0.89226519 0.87430939 0.89502762 0.90883978 0.87154696 0.88535912
  0.89779006 0.89502762 0.88535912 0.9019337 ]
 [0.89226519 0.87430939 0.89502762 0.90883978 0.87154696 0.88535912
  0.89779006 0.89502762 0.88535912 0.9019337 ]
 [0.89226519 0.87430939 0.89502762 0.90883978 0.87154696 0.88535912
  0.89779006 0.89502762 0.88535912 0.9019337 ]
 [0.89226519 0.87430939 0.89502762 0.90331492 0.87154696 0.88535912
  0.89779006 0.89502762 0.88535912 0.9019337 ]
 [0.89226519 0.87430939 0.89502762 0.90883978 0.87154696 0.88535912
  0.89779006 0.89502762 0.88535912 0.9019337 ]
 [0.89226519 0.87430939 0.89502762 0.90883978 0.87154696 0.88535912
  0.89779006 0.89502762 0.88535912 0.9019337 ]
 [0.89226519 0.87430939 0.89502762 0.90331492 0.87154696 0.88535912
  0.89779006 0.89502762 0.88535912 0.9019337 ]
 [0.89226519 0.87430939 0.89502762 0.90331492 0.87154696 0.88535912
  0.89779006 0.89502762 0.88535912 0.9019337 ]
 [0.89226519 0.87430939 0.89502762 0.90331492 0.87154696 0.88535912
  0.89779006 0.89502762 0.88535912 0.9019337 ]
 [0.89226519 0.87430939 0.89502762 0.90883978 0.87154696 0.88535912
  0.89779006 0.89502762 0.88535912 0.9019337 ]
 [0.89226519 0.87430939 0.89502762 0.90331492 0.87154696 0.88535912
  0.89779006 0.89502762 0.88535912 0.9019337 ]
 [0.89226519 0.87430939 0.89502762 0.90331492 0.87154696 0.88535912
  0.89779006 0.89502762 0.88535912 0.9019337 ]
 [0.89226519 0.87430939 0.89502762 0.90883978 0.87154696 0.88535912
  0.89779006 0.89502762 0.88535912 0.9019337 ]
 [0.89226519 0.87430939 0.89502762 0.90883978 0.87154696 0.88535912
  0.89779006 0.89502762 0.88535912 0.9019337 ]
 [0.89226519 0.87430939 0.89502762 0.90331492 0.87154696 0.88535912
  0.89779006 0.89502762 0.88535912 0.9019337 ]
 [0.89226519 0.87430939 0.89502762 0.90331492 0.87154696 0.88535912
  0.89779006 0.89502762 0.88535912 0.9019337 ]
 [0.89226519 0.87430939 0.89502762 0.90331492 0.87154696 0.88535912
  0.89779006 0.89502762 0.88535912 0.9019337 ]
 [0.89226519 0.87430939 0.89502762 0.90883978 0.87154696 0.88535912
  0.89779006 0.89502762 0.88535912 0.9019337 ]]