bank/KNN1

[  28   87  145  204  262  321  379  437  496  554  613  671  730  788
  846  905  963 1022 1080 1139 1197 1255 1314 1372 1431 1489 1548 1606
 1664 1723 1781 1840 1898 1957 2015 2073 2132 2190 2249 2307 2366 2424
 2482 2541 2599 2658 2716 2775 2833 2892]

[[0.89285714 0.78571429 0.85714286 0.82142857 0.96428571 0.89285714
  0.96428571 0.85714286 0.96428571 0.85714286]
 [0.87356322 0.88505747 0.88505747 0.88505747 0.95402299 0.88505747
  0.90804598 0.88505747 0.91954023 0.87356322]
 [0.86896552 0.91724138 0.88275862 0.90344828 0.93793103 0.87586207
  0.88965517 0.88275862 0.89655172 0.88965517]
 [0.86764706 0.91176471 0.89705882 0.90196078 0.94117647 0.8872549
  0.91666667 0.88235294 0.90196078 0.89705882]
 [0.86641221 0.92366412 0.89312977 0.88167939 0.93129771 0.89312977
  0.90076336 0.90076336 0.90839695 0.90458015]
 [0.87850467 0.92523364 0.90654206 0.89719626 0.92523364 0.90342679
  0.90031153 0.90031153 0.91277259 0.90031153]
 [0.87598945 0.91556728 0.91292876 0.89709763 0.93139842 0.91292876
  0.90501319 0.91292876 0.92084433 0.90765172]
 [0.88558352 0.91075515 0.91304348 0.90160183 0.92448513 0.91075515
  0.90846682 0.90389016 0.92448513 0.90617849]
 [0.8891129  0.90725806 0.91330645 0.89314516 0.93145161 0.91129032
  0.90120968 0.90120968 0.92137097 0.90524194]
 [0.88267148 0.91696751 0.91155235 0.89169675 0.933213   0.91155235
  0.90433213 0.90252708 0.91516245 0.90794224]
 [0.88743883 0.91190865 0.92169657 0.89396411 0.93311582 0.91027732
  0.89885808 0.90375204 0.91190865 0.91027732]
 [0.89269747 0.91207154 0.92548435 0.90461997 0.9314456  0.91207154
  0.89716841 0.90611028 0.91058122 0.91654247]
 [0.9        0.9109589  0.92191781 0.90684932 0.93150685 0.9109589
  0.90136986 0.90821918 0.90410959 0.91232877]
 [0.89593909 0.91370558 0.92005076 0.90736041 0.92766497 0.91243655
  0.90862944 0.90862944 0.90609137 0.91243655]
 [0.89361702 0.91725768 0.91843972 0.91489362 0.92671395 0.91252955
  0.90543735 0.90898345 0.90543735 0.91607565]
 [0.8961326  0.91712707 0.91381215 0.91823204 0.92596685 0.91270718
  0.90607735 0.91049724 0.90718232 0.91491713]
 [0.8992731  0.91692627 0.90965732 0.92004154 0.92627207 0.91173416
  0.90550363 0.91277259 0.9086189  0.91277259]
 [0.90313112 0.92074364 0.90900196 0.91780822 0.92465753 0.90998043
  0.90410959 0.91780822 0.90606654 0.91389432]
 [0.90462963 0.9212963  0.91018519 0.92037037 0.92685185 0.91111111
  0.91018519 0.91481481 0.9037037  0.91481481]
 [0.90430202 0.92273924 0.90869183 0.91571554 0.92800702 0.90430202
  0.90781387 0.91571554 0.90430202 0.91044776]
 [0.9047619  0.92230576 0.91144528 0.91645781 0.9273183  0.9047619
  0.90726817 0.91645781 0.90893901 0.90977444]
 [0.90278884 0.9250996  0.9123506  0.9187251  0.92589641 0.90517928
  0.91075697 0.91792829 0.9123506  0.90916335]
 [0.90182648 0.92465753 0.91324201 0.91780822 0.92313546 0.90639269
  0.91248097 0.91552511 0.91552511 0.9086758 ]
 [0.90379009 0.9271137  0.91399417 0.91763848 0.92492711 0.9074344
  0.91034985 0.91690962 0.91326531 0.9074344 ]
 [0.90496157 0.92802236 0.91544375 0.91614256 0.92243187 0.9126485
  0.90356394 0.91684137 0.91404612 0.90775681]
 [0.90664876 0.92612492 0.91605104 0.91739422 0.92478173 0.91403627
  0.9032908  0.91873741 0.91269308 0.90866353]
 [0.90439276 0.92571059 0.91602067 0.91602067 0.92571059 0.9127907
  0.90568475 0.91537468 0.91408269 0.90891473]
 [0.90722291 0.9234122  0.91718555 0.91594022 0.92963885 0.91220423
  0.90722291 0.91594022 0.91594022 0.9109589 ]
 [0.91045673 0.92487981 0.91646635 0.91706731 0.9296875  0.91286058
  0.91045673 0.91586538 0.91165865 0.91346154]
 [0.91004063 0.92513059 0.91526407 0.91874637 0.92745212 0.91642484
  0.90946024 0.91816599 0.91178178 0.91352293]
 [0.91184728 0.92476137 0.91577765 0.91970803 0.92644582 0.91409321
  0.91184728 0.91914655 0.91128579 0.9174621 ]
 [0.91032609 0.92391304 0.91630435 0.92119565 0.92880435 0.91304348
  0.91032609 0.91902174 0.91358696 0.91793478]
 [0.9109589  0.92202318 0.91728135 0.92044257 0.92939937 0.91517387
  0.91201264 0.91675448 0.91201264 0.91938883]
 [0.91057741 0.92079714 0.91619826 0.91926418 0.92846193 0.91415432
  0.91313235 0.91773122 0.9110884  0.91977517]
 [0.91116625 0.92158809 0.91861042 0.92009926 0.93002481 0.91563275
  0.91315136 0.91612903 0.91215881 0.92208437]
 [0.91027496 0.92040521 0.91895803 0.91895803 0.92908828 0.91509889
  0.91268693 0.91558128 0.91413411 0.92281717]
 [0.90994371 0.92213884 0.92026266 0.91697936 0.92682927 0.91228893
  0.91322702 0.91322702 0.91604128 0.92307692]
 [0.9086758  0.92146119 0.92237443 0.91917808 0.92557078 0.91461187
  0.91415525 0.91232877 0.91643836 0.91917808]
 [0.9101823  0.92085371 0.92129835 0.91951979 0.92574478 0.91551801
  0.91285016 0.91151623 0.91596265 0.91774122]
 [0.91027308 0.92110967 0.92197659 0.91894235 0.92327698 0.91417425
  0.91157347 0.91027308 0.91590811 0.91980928]
 [0.90701606 0.92096365 0.92307692 0.91673711 0.92349958 0.9158918
  0.91208791 0.91166526 0.91546915 0.91885038]
 [0.90759076 0.91955446 0.92079208 0.91584158 0.92285479 0.91460396
  0.91377888 0.91336634 0.91419142 0.91831683]
 [0.9077357  0.91901692 0.92062853 0.91700242 0.92224013 0.91257051
  0.91377921 0.91539081 0.91337631 0.91700242]
 [0.90830382 0.91853601 0.9193231  0.91617473 0.92050374 0.91302637
  0.91460055 0.91460055 0.91302637 0.91696183]
 [0.90958061 0.9180454  0.91996922 0.91573682 0.92150827 0.91381301
  0.91419777 0.9149673  0.91227395 0.91573682]
 [0.91158766 0.91835967 0.91760722 0.91497366 0.92174567 0.91234011
  0.91422122 0.91459744 0.91196388 0.91572611]
 [0.91200295 0.91826215 0.91752577 0.91605302 0.92231222 0.9134757
  0.91531664 0.91642121 0.91384389 0.91310751]
 [0.91279279 0.91891892 0.91459459 0.9163964  0.92036036 0.91387387
  0.91567568 0.9163964  0.91495495 0.91243243]
 [0.91316625 0.92057889 0.91210731 0.91528415 0.92022591 0.91599012
  0.91599012 0.9163431  0.91528415 0.91210731]
 [0.91355463 0.92150761 0.91251729 0.9142462  0.92116183 0.9159751
  0.9142462  0.91459198 0.91528354 0.91251729]]

[[0.89226519 0.86878453 0.89640884 0.88535912 0.85635359 0.87569061
  0.87845304 0.87845304 0.88535912 0.88950276]
 [0.87154696 0.87154696 0.89779006 0.88674033 0.85635359 0.87569061
  0.86878453 0.87983425 0.87016575 0.87707182]
 [0.87983425 0.87707182 0.89364641 0.88121547 0.85773481 0.86464088
  0.87569061 0.8839779  0.86878453 0.88535912]
 [0.89779006 0.87983425 0.89088398 0.88121547 0.85911602 0.87983425
  0.87569061 0.87292818 0.88259669 0.88812155]
 [0.89640884 0.88259669 0.87983425 0.8839779  0.85220994 0.87983425
  0.87707182 0.87154696 0.89364641 0.88674033]
 [0.89226519 0.88259669 0.89364641 0.88812155 0.86187845 0.88121547
  0.87707182 0.87707182 0.89364641 0.89088398]
 [0.89226519 0.8839779  0.89088398 0.88674033 0.86464088 0.88121547
  0.88121547 0.87430939 0.89364641 0.88950276]
 [0.89226519 0.87983425 0.89226519 0.89364641 0.86325967 0.8839779
  0.87845304 0.87845304 0.89640884 0.88950276]
 [0.89226519 0.87430939 0.89088398 0.89779006 0.86049724 0.88259669
  0.87707182 0.87845304 0.89364641 0.89226519]
 [0.88812155 0.87569061 0.88812155 0.89779006 0.86049724 0.88950276
  0.87707182 0.88121547 0.89502762 0.89088398]
 [0.89502762 0.87292818 0.89364641 0.89364641 0.86325967 0.88674033
  0.87983425 0.87983425 0.9019337  0.89088398]
 [0.89640884 0.87430939 0.89640884 0.88812155 0.8660221  0.88535912
  0.88121547 0.87983425 0.9019337  0.88950276]
 [0.89640884 0.87707182 0.89640884 0.88950276 0.86464088 0.88121547
  0.88259669 0.8839779  0.90055249 0.8839779 ]
 [0.89640884 0.87292818 0.89779006 0.88812155 0.86187845 0.8839779
  0.88259669 0.8839779  0.90469613 0.88121547]
 [0.89364641 0.87430939 0.89640884 0.89364641 0.8660221  0.87983425
  0.8839779  0.88121547 0.90883978 0.87983425]
 [0.89364641 0.87707182 0.89502762 0.89226519 0.86049724 0.88535912
  0.88535912 0.8839779  0.9019337  0.8839779 ]
 [0.89502762 0.87983425 0.89640884 0.89640884 0.8660221  0.88535912
  0.88674033 0.88812155 0.90331492 0.88535912]
 [0.89640884 0.87707182 0.88674033 0.89502762 0.86464088 0.88674033
  0.88535912 0.88535912 0.90607735 0.88535912]
 [0.89502762 0.87707182 0.88812155 0.89502762 0.8660221  0.88259669
  0.88674033 0.88674033 0.90607735 0.88259669]
 [0.89502762 0.87569061 0.88812155 0.89502762 0.86464088 0.8839779
  0.88535912 0.88812155 0.9019337  0.88535912]
 [0.89502762 0.87845304 0.88674033 0.89502762 0.86464088 0.8839779
  0.88535912 0.88674033 0.89779006 0.88259669]
 [0.89364641 0.88121547 0.88674033 0.89502762 0.8660221  0.8839779
  0.88674033 0.88535912 0.89779006 0.88259669]
 [0.89364641 0.88259669 0.88674033 0.89640884 0.86464088 0.8839779
  0.88812155 0.88535912 0.89226519 0.8839779 ]
 [0.89226519 0.88121547 0.88812155 0.89364641 0.86464088 0.8839779
  0.88950276 0.88259669 0.89364641 0.87983425]
 [0.89640884 0.87845304 0.88812155 0.89640884 0.86464088 0.88535912
  0.88535912 0.88121547 0.89364641 0.88259669]
 [0.89917127 0.87845304 0.89502762 0.89779006 0.86325967 0.88535912
  0.88259669 0.88121547 0.89364641 0.88674033]
 [0.89779006 0.87845304 0.89779006 0.89779006 0.8660221  0.8839779
  0.89364641 0.88121547 0.89364641 0.89088398]
 [0.89779006 0.87983425 0.89917127 0.89640884 0.86740331 0.88535912
  0.89640884 0.88259669 0.89502762 0.89226519]
 [0.89502762 0.88121547 0.90055249 0.89640884 0.86464088 0.88950276
  0.89502762 0.88259669 0.89226519 0.88535912]
 [0.89364641 0.88259669 0.9019337  0.89779006 0.8660221  0.89226519
  0.89364641 0.88121547 0.89502762 0.88812155]
 [0.89364641 0.88121547 0.90331492 0.89917127 0.86740331 0.89088398
  0.89364641 0.88259669 0.89502762 0.88674033]
 [0.89088398 0.8839779  0.90469613 0.89779006 0.86740331 0.88812155
  0.88812155 0.88121547 0.89502762 0.88535912]
 [0.89502762 0.88259669 0.90331492 0.89779006 0.86878453 0.88812155
  0.88812155 0.88674033 0.89640884 0.8839779 ]
 [0.89502762 0.88259669 0.90469613 0.89640884 0.86878453 0.88950276
  0.88950276 0.8839779  0.89502762 0.88121547]
 [0.89502762 0.88259669 0.90469613 0.89364641 0.86878453 0.88812155
  0.88812155 0.87983425 0.89364641 0.8839779 ]
 [0.89502762 0.88259669 0.90469613 0.89364641 0.8660221  0.89088398
  0.88950276 0.87845304 0.89226519 0.8839779 ]
 [0.89502762 0.88259669 0.90607735 0.89364641 0.86740331 0.89226519
  0.89226519 0.87845304 0.89088398 0.8839779 ]
 [0.89502762 0.88121547 0.90607735 0.89640884 0.8660221  0.88950276
  0.88950276 0.87845304 0.89088398 0.88535912]
 [0.89502762 0.8839779  0.90607735 0.89640884 0.86187845 0.88674033
  0.88950276 0.87845304 0.89364641 0.88535912]
 [0.89502762 0.88259669 0.90331492 0.89502762 0.86325967 0.88674033
  0.88812155 0.88121547 0.89502762 0.8839779 ]
 [0.89640884 0.8839779  0.9019337  0.89779006 0.86187845 0.8839779
  0.88812155 0.8839779  0.89226519 0.88121547]
 [0.89640884 0.8839779  0.90469613 0.89779006 0.86325967 0.88674033
  0.88812155 0.88259669 0.89226519 0.8839779 ]
 [0.89779006 0.88535912 0.9019337  0.89917127 0.86187845 0.88674033
  0.88812155 0.88121547 0.89364641 0.8839779 ]
 [0.89917127 0.88812155 0.90055249 0.89917127 0.86464088 0.88674033
  0.88950276 0.88259669 0.89364641 0.8839779 ]
 [0.89502762 0.88535912 0.89779006 0.89779006 0.86464088 0.88812155
  0.88950276 0.88121547 0.89364641 0.88121547]
 [0.89502762 0.88674033 0.89779006 0.89917127 0.86325967 0.88535912
  0.88950276 0.88259669 0.89088398 0.88121547]
 [0.89502762 0.88535912 0.89779006 0.89917127 0.86187845 0.88950276
  0.88812155 0.88259669 0.88950276 0.8839779 ]
 [0.89502762 0.88535912 0.89917127 0.89917127 0.86187845 0.89088398
  0.88674033 0.8839779  0.88950276 0.8839779 ]
 [0.89640884 0.88535912 0.90055249 0.89917127 0.86187845 0.88674033
  0.88812155 0.87983425 0.89226519 0.8839779 ]
 [0.89640884 0.8839779  0.89779006 0.90055249 0.86049724 0.88535912
  0.88674033 0.87845304 0.89364641 0.8839779 ]]