bank/KNN3

['auto', 'ball_tree', 'kd_tree', 'brute']

[[0.91355463 0.92150761 0.91251729 0.9142462  0.92116183 0.9159751
  0.9142462  0.91459198 0.91528354 0.91251729]
 [0.91355463 0.92150761 0.91251729 0.9142462  0.92116183 0.9159751
  0.9142462  0.91459198 0.91528354 0.91251729]
 [0.91355463 0.92150761 0.91251729 0.9142462  0.92116183 0.9159751
  0.9142462  0.91459198 0.91528354 0.91251729]
 [0.91355463 0.92150761 0.91251729 0.9142462  0.92116183 0.9159751
  0.9142462  0.91459198 0.91528354 0.91251729]]

[[0.89640884 0.8839779  0.89779006 0.90055249 0.86049724 0.88535912
  0.88674033 0.87845304 0.89364641 0.8839779 ]
 [0.89640884 0.8839779  0.89779006 0.90055249 0.86049724 0.88535912
  0.88674033 0.87845304 0.89364641 0.8839779 ]
 [0.89640884 0.8839779  0.89779006 0.90055249 0.86049724 0.88535912
  0.88674033 0.87845304 0.89364641 0.8839779 ]
 [0.89640884 0.8839779  0.89779006 0.90055249 0.86049724 0.88535912
  0.88674033 0.87845304 0.89364641 0.8839779 ]]