bank/SVM1

[  28   87  145  204  262  321  379  437  496  554  613  671  730  788
  846  905  963 1022 1080 1139 1197 1255 1314 1372 1431 1489 1548 1606
 1664 1723 1781 1840 1898 1957 2015 2073 2132 2190 2249 2307 2366 2424
 2482 2541 2599 2658 2716 2775 2833 2892]

[[0.92857143 0.82142857 0.92857143 0.89285714 0.96428571 0.89285714
  0.96428571 0.92857143 0.96428571 0.85714286]
 [0.88505747 0.90804598 0.91954023 0.88505747 0.95402299 0.91954023
  0.89655172 0.94252874 0.94252874 0.91954023]
 [0.89655172 0.91724138 0.92413793 0.90344828 0.95172414 0.89655172
  0.89655172 0.91034483 0.92413793 0.91724138]
 [0.8872549  0.92647059 0.94607843 0.92156863 0.93137255 0.91176471
  0.92647059 0.90196078 0.92156863 0.91176471]
 [0.88549618 0.9389313  0.91603053 0.91221374 0.95038168 0.92366412
  0.90458015 0.92366412 0.93129771 0.91603053]
 [0.89719626 0.9376947  0.92523364 0.91588785 0.94080997 0.93146417
  0.90965732 0.91588785 0.92834891 0.91900312]
 [0.89973615 0.92348285 0.93139842 0.90237467 0.93931398 0.94195251
  0.90765172 0.91556728 0.93931398 0.90765172]
 [0.8993135  0.91990847 0.92448513 0.90617849 0.94050343 0.93592677
  0.90389016 0.90617849 0.94050343 0.90846682]
 [0.90524194 0.9233871  0.9233871  0.89919355 0.94556452 0.9233871
  0.91330645 0.89919355 0.94153226 0.90927419]
 [0.90252708 0.92599278 0.933213   0.90072202 0.94584838 0.92057762
  0.91877256 0.89891697 0.93140794 0.90794224]
 [0.90538336 0.9233279  0.93474715 0.90375204 0.94290375 0.91680261
  0.91027732 0.90375204 0.92985318 0.91190865]
 [0.91058122 0.91803279 0.94187779 0.91654247 0.94038748 0.92250373
  0.91058122 0.9076006  0.92697466 0.91654247]
 [0.90684932 0.92328767 0.93561644 0.92191781 0.94246575 0.91780822
  0.91917808 0.90684932 0.92054795 0.91780822]
 [0.90736041 0.9213198  0.93020305 0.92893401 0.93781726 0.90989848
  0.9213198  0.91116751 0.91370558 0.91497462]
 [0.90307329 0.92198582 0.93380615 0.92434988 0.93498818 0.91016548
  0.91962175 0.90780142 0.91252955 0.91607565]
 [0.9038674  0.9281768  0.92928177 0.92486188 0.93370166 0.91491713
  0.92154696 0.91270718 0.92044199 0.9160221 ]
 [0.91277259 0.92834891 0.92938733 0.92523364 0.93146417 0.91692627
  0.91692627 0.91381101 0.91900312 0.91381101]
 [0.91291585 0.9295499  0.92465753 0.92661448 0.9334638  0.91585127
  0.9148728  0.91585127 0.91291585 0.9148728 ]
 [0.91388889 0.925      0.92222222 0.92407407 0.93148148 0.91851852
  0.91388889 0.91759259 0.91388889 0.91388889]
 [0.91308165 0.92273924 0.92449517 0.92449517 0.93503073 0.9165935
  0.91483758 0.91571554 0.91483758 0.91308165]
 [0.91311612 0.92147034 0.92481203 0.92230576 0.93400167 0.91812865
  0.91395155 0.91478697 0.91478697 0.91562239]
 [0.91155378 0.92350598 0.9250996  0.9187251  0.93386454 0.91633466
  0.91553785 0.91952191 0.91474104 0.91952191]
 [0.91248097 0.92541857 0.9238965  0.91780822 0.93531202 0.91628615
  0.91628615 0.91933029 0.91552511 0.91628615]
 [0.91399417 0.9271137  0.92274052 0.92055394 0.93367347 0.91763848
  0.91690962 0.92055394 0.91107872 0.91253644]
 [0.91474493 0.92662474 0.92103424 0.92313068 0.93221523 0.91893781
  0.91544375 0.92033543 0.90985325 0.91194969]
 [0.91605104 0.92679651 0.92276696 0.92142377 0.93216924 0.92209537
  0.91537945 0.92075218 0.90866353 0.91336467]
 [0.91472868 0.92700258 0.92118863 0.92183463 0.93410853 0.92377261
  0.91602067 0.92248062 0.91020672 0.9121447 ]
 [0.91531756 0.92652553 0.92465753 0.92216687 0.93524284 0.92092154
  0.91531756 0.9234122  0.91158157 0.91531756]
 [0.91706731 0.92608173 0.92427885 0.92427885 0.93269231 0.92427885
  0.91766827 0.92007212 0.91286058 0.91646635]
 [0.91816599 0.92745212 0.9245502  0.92222867 0.93209518 0.92745212
  0.91874637 0.92048752 0.91468369 0.91526407]
 [0.91914655 0.92644582 0.92476137 0.92083099 0.93037619 0.92476137
  0.91914655 0.92195396 0.91297024 0.91577765]
 [0.91793478 0.92771739 0.92663043 0.91847826 0.93097826 0.92282609
  0.9201087  0.92065217 0.91467391 0.91630435]
 [0.91886196 0.92729189 0.92781876 0.91622761 0.92781876 0.92465753
  0.92149631 0.91886196 0.91306639 0.91675448]
 [0.91926418 0.92539601 0.925907   0.91415432 0.925907   0.92335207
  0.92437404 0.92028615 0.91415432 0.91926418]
 [0.9191067  0.92307692 0.92506203 0.91811414 0.92655087 0.92307692
  0.92605459 0.91960298 0.91662531 0.92208437]
 [0.91992282 0.92233478 0.92522914 0.91702846 0.92426435 0.92137
  0.92329957 0.91944042 0.91702846 0.91944042]
 [0.91979362 0.92448405 0.92729831 0.91557223 0.92542214 0.92307692
  0.92213884 0.92073171 0.91604128 0.92307692]
 [0.92009132 0.92283105 0.92648402 0.9173516  0.9260274  0.92283105
  0.92328767 0.92009132 0.9173516  0.92191781]
 [0.91996443 0.92040907 0.92218764 0.91729658 0.92618942 0.92307692
  0.92040907 0.91774122 0.91640729 0.91729658]
 [0.92024274 0.9206762  0.92241006 0.91634157 0.92414391 0.9206762
  0.91850889 0.91634157 0.91937581 0.91937581]
 [0.91800507 0.92011834 0.92265427 0.91504649 0.92392223 0.92096365
  0.91673711 0.91631445 0.91885038 0.91758242]
 [0.91749175 0.91914191 0.92285479 0.9129538  0.92491749 0.91914191
  0.91955446 0.91749175 0.91790429 0.91831683]
 [0.91458501 0.91861402 0.92385173 0.91377921 0.92546334 0.91901692
  0.91861402 0.91740532 0.91740532 0.91659952]
 [0.91538764 0.91814246 0.92247147 0.91538764 0.9244392  0.92011019
  0.91814246 0.91617473 0.91814246 0.91656828]
 [0.91650635 0.91919969 0.92189304 0.91458253 0.92535591 0.92112351
  0.91881493 0.91727588 0.9180454  0.91689111]
 [0.91647856 0.91911211 0.92287434 0.91346877 0.92437923 0.92061701
  0.91610233 0.91798345 0.91911211 0.91572611]
 [0.91642121 0.91863034 0.92231222 0.91494845 0.92525773 0.92083947
  0.9167894  0.91752577 0.91642121 0.91458027]
 [0.9163964  0.91711712 0.92072072 0.91567568 0.92396396 0.92252252
  0.91783784 0.91783784 0.91747748 0.91531532]
 [0.91669608 0.91775503 0.918461   0.91493117 0.92587363 0.92199082
  0.91704906 0.91704906 0.91987293 0.91563713]
 [0.91666667 0.92047026 0.91701245 0.91562932 0.92565698 0.92150761
  0.91632089 0.91701245 0.92047026 0.91528354]]

[[0.89226519 0.87430939 0.89640884 0.88535912 0.85635359 0.87569061
  0.87845304 0.87845304 0.88535912 0.88535912]
 [0.89226519 0.87430939 0.89502762 0.88812155 0.85635359 0.87569061
  0.87845304 0.87845304 0.87707182 0.8839779 ]
 [0.89364641 0.87569061 0.89502762 0.88812155 0.85635359 0.88121547
  0.87845304 0.87845304 0.87430939 0.88950276]
 [0.89226519 0.87707182 0.89502762 0.88812155 0.85635359 0.87707182
  0.87569061 0.87845304 0.88121547 0.88535912]
 [0.89502762 0.87707182 0.89640884 0.89226519 0.85773481 0.87983425
  0.87569061 0.87983425 0.89088398 0.8839779 ]
 [0.89502762 0.87430939 0.89779006 0.88674033 0.86049724 0.8839779
  0.87569061 0.87983425 0.89640884 0.88812155]
 [0.89502762 0.87707182 0.89640884 0.88812155 0.86325967 0.88535912
  0.87292818 0.87983425 0.89502762 0.88674033]
 [0.89226519 0.87845304 0.89640884 0.88812155 0.86049724 0.88535912
  0.87983425 0.87983425 0.89640884 0.8839779 ]
 [0.89502762 0.87707182 0.89502762 0.88812155 0.86325967 0.87707182
  0.88121547 0.87845304 0.89917127 0.88812155]
 [0.89502762 0.87707182 0.89779006 0.88674033 0.86187845 0.87845304
  0.87983425 0.88121547 0.89640884 0.88812155]
 [0.89502762 0.87292818 0.90331492 0.88950276 0.85911602 0.87983425
  0.8839779  0.8839779  0.89364641 0.88812155]
 [0.89502762 0.87292818 0.90469613 0.89502762 0.86049724 0.88121547
  0.88121547 0.8839779  0.89917127 0.88812155]
 [0.89226519 0.87430939 0.90469613 0.89364641 0.86464088 0.88121547
  0.87707182 0.88535912 0.89226519 0.88950276]
 [0.89502762 0.87707182 0.90055249 0.89088398 0.86325967 0.88121547
  0.87707182 0.88812155 0.89364641 0.88812155]
 [0.89364641 0.87707182 0.89917127 0.89088398 0.86049724 0.88121547
  0.88121547 0.8839779  0.89364641 0.88950276]
 [0.89226519 0.87569061 0.89779006 0.88950276 0.86187845 0.88121547
  0.87983425 0.88674033 0.90469613 0.88535912]
 [0.89917127 0.87707182 0.90055249 0.89088398 0.86049724 0.88259669
  0.87983425 0.88674033 0.90331492 0.88950276]
 [0.9019337  0.87983425 0.90331492 0.89226519 0.86325967 0.88121547
  0.87983425 0.88535912 0.9019337  0.89088398]
 [0.90331492 0.87707182 0.89917127 0.89088398 0.86325967 0.88259669
  0.88121547 0.88950276 0.90607735 0.8839779 ]
 [0.90607735 0.88259669 0.90055249 0.89502762 0.8660221  0.88535912
  0.87983425 0.88812155 0.90607735 0.88950276]
 [0.90331492 0.87845304 0.89640884 0.89640884 0.8660221  0.88535912
  0.88121547 0.88812155 0.9019337  0.89088398]
 [0.90469613 0.87707182 0.89779006 0.89364641 0.86740331 0.88674033
  0.88121547 0.88812155 0.90331492 0.89226519]
 [0.9019337  0.87983425 0.89502762 0.89226519 0.86325967 0.88674033
  0.88259669 0.88812155 0.89917127 0.89088398]
 [0.9019337  0.88259669 0.89917127 0.89088398 0.86464088 0.88812155
  0.8839779  0.88950276 0.89640884 0.89364641]
 [0.90331492 0.88674033 0.89779006 0.89502762 0.86049724 0.88812155
  0.88535912 0.88812155 0.89364641 0.89088398]
 [0.90607735 0.88259669 0.89640884 0.89226519 0.86049724 0.88812155
  0.8839779  0.88674033 0.89364641 0.89364641]
 [0.90331492 0.87983425 0.89917127 0.89226519 0.86464088 0.88950276
  0.88674033 0.89364641 0.89502762 0.89088398]
 [0.90331492 0.88259669 0.89779006 0.89226519 0.85911602 0.89088398
  0.88674033 0.89226519 0.89779006 0.89364641]
 [0.90331492 0.87707182 0.89640884 0.89364641 0.85773481 0.89088398
  0.88535912 0.88950276 0.89779006 0.89502762]
 [0.90469613 0.87845304 0.89917127 0.89364641 0.85911602 0.88950276
  0.88535912 0.88950276 0.9019337  0.89364641]
 [0.90331492 0.87845304 0.89917127 0.89502762 0.85911602 0.89088398
  0.88674033 0.88950276 0.89640884 0.89779006]
 [0.9019337  0.87845304 0.90055249 0.89640884 0.86049724 0.88812155
  0.88812155 0.88950276 0.9019337  0.89917127]
 [0.90331492 0.88121547 0.90055249 0.89779006 0.85497238 0.88812155
  0.88674033 0.89088398 0.89640884 0.89364641]
 [0.90469613 0.88259669 0.90055249 0.89917127 0.85635359 0.89364641
  0.88812155 0.89226519 0.90055249 0.89364641]
 [0.90469613 0.88121547 0.89917127 0.89917127 0.85773481 0.89226519
  0.88674033 0.88950276 0.89917127 0.89502762]
 [0.90607735 0.87983425 0.89917127 0.89917127 0.85497238 0.88674033
  0.88259669 0.88950276 0.89640884 0.89640884]
 [0.90607735 0.88121547 0.89917127 0.89917127 0.85635359 0.88812155
  0.8839779  0.88812155 0.89364641 0.89502762]
 [0.90331492 0.88259669 0.9019337  0.89917127 0.85773481 0.89226519
  0.88259669 0.88812155 0.89364641 0.89226519]
 [0.9019337  0.88121547 0.90055249 0.90055249 0.85911602 0.89226519
  0.8839779  0.88812155 0.90055249 0.89088398]
 [0.9019337  0.87569061 0.89917127 0.89917127 0.86049724 0.88674033
  0.88535912 0.88674033 0.89779006 0.89364641]
 [0.90331492 0.87845304 0.89779006 0.89779006 0.85635359 0.88812155
  0.8839779  0.88812155 0.89502762 0.89088398]
 [0.90331492 0.87845304 0.89779006 0.89779006 0.85773481 0.88950276
  0.88535912 0.88950276 0.89502762 0.89226519]
 [0.90469613 0.87707182 0.90055249 0.90331492 0.85497238 0.89088398
  0.88535912 0.88812155 0.89640884 0.88950276]
 [0.90607735 0.88121547 0.89779006 0.9019337  0.85635359 0.89502762
  0.8839779  0.88950276 0.89779006 0.89226519]
 [0.90331492 0.87983425 0.89779006 0.90055249 0.85497238 0.89779006
  0.8839779  0.88812155 0.89502762 0.89226519]
 [0.90607735 0.88259669 0.9019337  0.90055249 0.85911602 0.88812155
  0.88121547 0.88812155 0.89502762 0.88950276]
 [0.90469613 0.88121547 0.89917127 0.90055249 0.85911602 0.8839779
  0.8839779  0.88812155 0.89917127 0.89226519]
 [0.90469613 0.87845304 0.9019337  0.9019337  0.86049724 0.88950276
  0.88535912 0.89088398 0.89917127 0.89502762]
 [0.90331492 0.87983425 0.9019337  0.90331492 0.86464088 0.88674033
  0.88535912 0.88674033 0.89779006 0.89364641]
 [0.90469613 0.87845304 0.90055249 0.89917127 0.86049724 0.88535912
  0.8839779  0.88674033 0.89502762 0.89364641]]