bank/SVM2

[ 0.01        0.21387755  0.4177551   0.62163265  0.8255102   1.02938776
  1.23326531  1.43714286  1.64102041  1.84489796  2.04877551  2.25265306
  2.45653061  2.66040816  2.86428571  3.06816327  3.27204082  3.47591837
  3.67979592  3.88367347  4.08755102  4.29142857  4.49530612  4.69918367
  4.90306122  5.10693878  5.31081633  5.51469388  5.71857143  5.92244898
  6.12632653  6.33020408  6.53408163  6.73795918  6.94183673  7.14571429
  7.34959184  7.55346939  7.75734694  7.96122449  8.16510204  8.36897959
  8.57285714  8.77673469  8.98061224  9.1844898   9.38836735  9.5922449
  9.79612245 10.        ]

[[0.88554633 0.89004149 0.88450899 0.88658368 0.89453665 0.88969571
  0.88900415 0.88900415 0.88727524 0.88727524]
 [0.88554633 0.89004149 0.88485477 0.88658368 0.89453665 0.88969571
  0.88934993 0.88900415 0.88727524 0.88727524]
 [0.89211618 0.89868603 0.89522822 0.89246196 0.90525588 0.8973029
  0.89695712 0.89522822 0.89107884 0.89349931]
 [0.90248963 0.90733057 0.9104426  0.90179806 0.91632089 0.90836791
  0.90802213 0.90560166 0.90318119 0.9049101 ]
 [0.91355463 0.9159751  0.91562932 0.90975104 0.92185339 0.9159751
  0.91251729 0.91251729 0.91459198 0.91078838]
 [0.91701245 0.92081604 0.91735823 0.9159751  0.92634855 0.92185339
  0.91701245 0.91735823 0.92081604 0.91632089]
 [0.92116183 0.92461964 0.92012448 0.91908714 0.92842324 0.92427386
  0.92254495 0.92254495 0.92392808 0.92047026]
 [0.92461964 0.92773167 0.92461964 0.92047026 0.93153527 0.92773167
  0.92496542 0.92807746 0.92496542 0.92289073]
 [0.92807746 0.93153527 0.92842324 0.92185339 0.93499308 0.93049793
  0.92738589 0.93153527 0.92773167 0.92600277]
 [0.93015214 0.93360996 0.92980636 0.92704011 0.93603043 0.93395574
  0.92876902 0.93257261 0.92980636 0.92738589]
 [0.9329184  0.93499308 0.93222683 0.92738589 0.93775934 0.93568465
  0.93153527 0.93499308 0.93222683 0.9291148 ]
 [0.93395574 0.93775934 0.93153527 0.92807746 0.93810512 0.93775934
  0.93499308 0.93568465 0.93499308 0.9329184 ]
 [0.93672199 0.93914246 0.93395574 0.9291148  0.93948824 0.93775934
  0.93637621 0.93568465 0.93741355 0.93499308]
 [0.93741355 0.94017981 0.9346473  0.93084371 0.94017981 0.93983402
  0.93775934 0.93741355 0.9384509  0.93568465]
 [0.9384509  0.94052559 0.93568465 0.93222683 0.9422545  0.94190871
  0.93914246 0.93810512 0.93948824 0.93706777]
 [0.9384509  0.94052559 0.93741355 0.93326418 0.94329184 0.94190871
  0.93983402 0.94052559 0.94052559 0.93879668]
 [0.93879668 0.94087137 0.93741355 0.9346473  0.94467497 0.94329184
  0.94087137 0.94156293 0.94156293 0.94052559]
 [0.93983402 0.94260028 0.93810512 0.93672199 0.94536653 0.94502075
  0.94260028 0.94329184 0.94260028 0.9422545 ]
 [0.94121715 0.9439834  0.93879668 0.93879668 0.94640387 0.94536653
  0.94329184 0.9439834  0.9439834  0.94329184]
 [0.9422545  0.94502075 0.93983402 0.93983402 0.94709544 0.94674965
  0.94467497 0.94536653 0.94536653 0.94432918]
 [0.94260028 0.94640387 0.94052559 0.94052559 0.94813278 0.94847856
  0.94536653 0.94605809 0.94709544 0.94502075]
 [0.94294606 0.94709544 0.94087137 0.94121715 0.94847856 0.94847856
  0.94571231 0.94674965 0.94744122 0.94536653]
 [0.94329184 0.94744122 0.9422545  0.94121715 0.94847856 0.94951591
  0.94605809 0.94674965 0.94744122 0.94605809]
 [0.9439834  0.94847856 0.94329184 0.94260028 0.94882434 0.95055325
  0.94674965 0.947787   0.94882434 0.947787  ]
 [0.94467497 0.94882434 0.94467497 0.94363762 0.94986169 0.95089903
  0.947787   0.94813278 0.94882434 0.94813278]
 [0.94640387 0.94917012 0.94502075 0.94502075 0.95193638 0.95089903
  0.94986169 0.94847856 0.95020747 0.94882434]
 [0.94640387 0.94917012 0.94571231 0.94571231 0.95262794 0.95228216
  0.95020747 0.94847856 0.95124481 0.94917012]
 [0.94709544 0.94917012 0.94605809 0.94640387 0.95262794 0.95262794
  0.95020747 0.94882434 0.95159059 0.94951591]
 [0.94709544 0.94986169 0.94605809 0.94709544 0.95262794 0.95262794
  0.95020747 0.94917012 0.95228216 0.95055325]
 [0.947787   0.95020747 0.94709544 0.94744122 0.95297372 0.95297372
  0.95089903 0.94917012 0.95262794 0.95124481]
 [0.94813278 0.95089903 0.94709544 0.94813278 0.95366528 0.95366528
  0.95124481 0.94917012 0.95262794 0.95159059]
 [0.94917012 0.95262794 0.94847856 0.94917012 0.95401107 0.95366528
  0.95124481 0.95055325 0.9533195  0.95193638]
 [0.95020747 0.9533195  0.94882434 0.94986169 0.95435685 0.95366528
  0.95159059 0.95055325 0.95297372 0.95262794]
 [0.95089903 0.95366528 0.94986169 0.95055325 0.95470263 0.95504841
  0.95228216 0.95124481 0.9533195  0.95262794]
 [0.95089903 0.95435685 0.95089903 0.95055325 0.95504841 0.95539419
  0.95228216 0.95193638 0.95366528 0.95297372]
 [0.95124481 0.95470263 0.95089903 0.95159059 0.95504841 0.95504841
  0.95262794 0.95297372 0.95366528 0.95366528]
 [0.95193638 0.95504841 0.95159059 0.95228216 0.95504841 0.95573997
  0.95262794 0.95297372 0.95401107 0.95366528]
 [0.95228216 0.95643154 0.95159059 0.95297372 0.95573997 0.95573997
  0.9533195  0.9533195  0.95401107 0.95366528]
 [0.95262794 0.95643154 0.95228216 0.9533195  0.95643154 0.95573997
  0.95366528 0.95366528 0.95435685 0.95366528]
 [0.95297372 0.95677732 0.95262794 0.9533195  0.95677732 0.95573997
  0.95435685 0.95401107 0.95435685 0.95366528]
 [0.9533195  0.95816044 0.95297372 0.95401107 0.95677732 0.95608575
  0.95504841 0.95470263 0.95504841 0.95401107]
 [0.95435685 0.95850622 0.95435685 0.95470263 0.9571231  0.95643154
  0.95643154 0.95539419 0.95539419 0.95504841]
 [0.95435685 0.95850622 0.95435685 0.95539419 0.9571231  0.95643154
  0.95643154 0.95573997 0.95573997 0.95470263]
 [0.95435685 0.95850622 0.95435685 0.95573997 0.95746888 0.95643154
  0.95677732 0.95608575 0.95573997 0.95470263]
 [0.95470263 0.95885201 0.95470263 0.95608575 0.95746888 0.9571231
  0.9571231  0.95643154 0.95573997 0.95539419]
 [0.95504841 0.95919779 0.95470263 0.95643154 0.95781466 0.95781466
  0.95746888 0.95677732 0.95677732 0.95573997]
 [0.95504841 0.95954357 0.95470263 0.95643154 0.95816044 0.95816044
  0.95781466 0.9571231  0.9571231  0.95573997]
 [0.95539419 0.95988935 0.95470263 0.9571231  0.95850622 0.95885201
  0.95781466 0.9571231  0.9571231  0.95608575]
 [0.95539419 0.96058091 0.95504841 0.95746888 0.95919779 0.95885201
  0.95850622 0.9571231  0.95746888 0.95608575]
 [0.95573997 0.96092669 0.95504841 0.95816044 0.95988935 0.95954357
  0.95885201 0.9571231  0.95746888 0.95643154]]

[[0.89226519 0.87430939 0.89640884 0.88812155 0.85635359 0.87569061
  0.87845304 0.87845304 0.88535912 0.88535912]
 [0.89226519 0.87430939 0.89502762 0.88812155 0.85635359 0.87569061
  0.87707182 0.87845304 0.88535912 0.88535912]
 [0.89779006 0.87845304 0.89917127 0.88950276 0.85773481 0.87707182
  0.87845304 0.88121547 0.88950276 0.88812155]
 [0.89917127 0.87983425 0.89917127 0.89917127 0.85911602 0.87983425
  0.87845304 0.88674033 0.89226519 0.89364641]
 [0.90607735 0.87845304 0.9019337  0.9019337  0.86049724 0.88535912
  0.88259669 0.88674033 0.89917127 0.89364641]
 [0.90469613 0.87983425 0.89917127 0.89917127 0.86049724 0.88674033
  0.8839779  0.88535912 0.89640884 0.89364641]
 [0.90745856 0.87845304 0.89779006 0.90055249 0.86187845 0.89502762
  0.88674033 0.88535912 0.89779006 0.89779006]
 [0.90331492 0.88121547 0.89779006 0.90055249 0.86049724 0.89502762
  0.88812155 0.88812155 0.9019337  0.89917127]
 [0.90331492 0.87983425 0.89364641 0.90331492 0.86187845 0.89502762
  0.88950276 0.88674033 0.90331492 0.90331492]
 [0.9019337  0.87983425 0.89640884 0.90469613 0.86049724 0.89364641
  0.89088398 0.88812155 0.90331492 0.90331492]
 [0.90331492 0.8839779  0.89502762 0.90331492 0.86187845 0.89364641
  0.89088398 0.88950276 0.90469613 0.9019337 ]
 [0.90607735 0.8839779  0.89779006 0.90469613 0.86187845 0.89640884
  0.89088398 0.89088398 0.90469613 0.90331492]
 [0.90607735 0.8839779  0.89640884 0.90745856 0.86187845 0.89502762
  0.88950276 0.89088398 0.9019337  0.90469613]
 [0.90607735 0.8839779  0.89364641 0.90883978 0.86187845 0.89502762
  0.88812155 0.89088398 0.90055249 0.90607735]
 [0.90469613 0.8839779  0.89088398 0.90745856 0.86187845 0.89502762
  0.88950276 0.89088398 0.90055249 0.90331492]
 [0.90331492 0.8839779  0.89088398 0.90745856 0.86049724 0.89502762
  0.88950276 0.89088398 0.90055249 0.90055249]
 [0.90331492 0.8839779  0.89226519 0.90883978 0.86187845 0.89226519
  0.88812155 0.89088398 0.90055249 0.89917127]
 [0.9019337  0.88535912 0.89364641 0.91160221 0.86049724 0.89226519
  0.88812155 0.89364641 0.90055249 0.89779006]
 [0.9019337  0.88674033 0.89364641 0.91160221 0.85911602 0.88950276
  0.88812155 0.89640884 0.90055249 0.89917127]
 [0.9019337  0.88674033 0.89502762 0.91160221 0.85635359 0.88950276
  0.88812155 0.89502762 0.90055249 0.89779006]
 [0.90331492 0.88535912 0.89779006 0.91160221 0.85911602 0.88950276
  0.88812155 0.89364641 0.89779006 0.89779006]
 [0.90607735 0.88674033 0.89640884 0.91022099 0.85773481 0.88812155
  0.88535912 0.89226519 0.89779006 0.89779006]
 [0.90745856 0.88535912 0.89640884 0.91022099 0.86049724 0.88674033
  0.88812155 0.89226519 0.89640884 0.89640884]
 [0.90607735 0.88535912 0.89640884 0.90883978 0.85773481 0.88950276
  0.88950276 0.89088398 0.89640884 0.89640884]
 [0.90607735 0.88535912 0.89502762 0.90883978 0.85773481 0.88950276
  0.88950276 0.88950276 0.89502762 0.89779006]
 [0.90607735 0.88674033 0.89502762 0.90745856 0.85773481 0.88812155
  0.88950276 0.88950276 0.89640884 0.89640884]
 [0.90469613 0.88535912 0.89502762 0.90607735 0.85773481 0.88812155
  0.88950276 0.88950276 0.89502762 0.89779006]
 [0.90331492 0.88535912 0.89364641 0.90745856 0.85911602 0.88812155
  0.88950276 0.88950276 0.89364641 0.89917127]
 [0.90469613 0.88535912 0.89364641 0.90745856 0.86049724 0.88535912
  0.88950276 0.88674033 0.89226519 0.89917127]
 [0.90469613 0.8839779  0.89364641 0.90745856 0.86187845 0.8839779
  0.88950276 0.88674033 0.89226519 0.89917127]
 [0.90469613 0.88535912 0.89226519 0.90745856 0.86187845 0.88259669
  0.89088398 0.88674033 0.89088398 0.90055249]
 [0.90469613 0.88535912 0.89364641 0.90883978 0.86187845 0.88259669
  0.89088398 0.88812155 0.88950276 0.90055249]
 [0.90469613 0.8839779  0.89364641 0.90883978 0.86187845 0.8839779
  0.89088398 0.88950276 0.88950276 0.89917127]
 [0.90331492 0.8839779  0.89364641 0.90883978 0.86187845 0.8839779
  0.89088398 0.88950276 0.88950276 0.89917127]
 [0.9019337  0.8839779  0.89364641 0.91160221 0.86187845 0.88535912
  0.89088398 0.88950276 0.88950276 0.89917127]
 [0.9019337  0.8839779  0.89364641 0.91160221 0.86325967 0.8839779
  0.89226519 0.88950276 0.88950276 0.89917127]
 [0.9019337  0.88535912 0.89364641 0.91160221 0.86325967 0.8839779
  0.89226519 0.88812155 0.88950276 0.89917127]
 [0.9019337  0.88674033 0.89364641 0.91160221 0.86325967 0.8839779
  0.89088398 0.88812155 0.88950276 0.89779006]
 [0.9019337  0.88674033 0.89364641 0.91160221 0.86187845 0.8839779
  0.89088398 0.88812155 0.89088398 0.89779006]
 [0.9019337  0.88674033 0.89502762 0.91160221 0.86049724 0.8839779
  0.89226519 0.88812155 0.88950276 0.89640884]
 [0.9019337  0.88535912 0.89640884 0.91022099 0.86187845 0.88674033
  0.89226519 0.88950276 0.88950276 0.89640884]
 [0.9019337  0.8839779  0.89640884 0.91022099 0.86187845 0.88674033
  0.89226519 0.89088398 0.88812155 0.89640884]
 [0.9019337  0.88535912 0.89640884 0.91022099 0.86187845 0.88674033
  0.89226519 0.89088398 0.88812155 0.89502762]
 [0.9019337  0.88535912 0.89502762 0.91022099 0.85911602 0.88535912
  0.89226519 0.88812155 0.88950276 0.89502762]
 [0.9019337  0.88535912 0.89364641 0.91022099 0.85911602 0.88535912
  0.89226519 0.88812155 0.88950276 0.89364641]
 [0.90055249 0.88535912 0.89364641 0.91022099 0.86049724 0.88535912
  0.88950276 0.88812155 0.88950276 0.89226519]
 [0.90055249 0.88535912 0.89364641 0.91022099 0.86049724 0.88535912
  0.88950276 0.88674033 0.88950276 0.89226519]
 [0.9019337  0.88674033 0.89364641 0.91022099 0.85911602 0.88535912
  0.88950276 0.88674033 0.88674033 0.89226519]
 [0.9019337  0.8839779  0.89088398 0.90883978 0.85911602 0.88535912
  0.88950276 0.88674033 0.88674033 0.89226519]
 [0.9019337  0.8839779  0.88950276 0.90883978 0.85911602 0.88535912
  0.88950276 0.88674033 0.88674033 0.89088398]]