bank/SVM3

['linear', 'poly', 'rbf', 'sigmoid']

[[0.88554633 0.89004149 0.88450899 0.88658368 0.89453665 0.88969571
  0.88900415 0.88900415 0.88727524 0.88727524]
 [0.92185339 0.92876902 0.92254495 0.92150761 0.93188105 0.9253112
  0.92496542 0.92704011 0.92392808 0.92185339]
 [0.91666667 0.92047026 0.91701245 0.91562932 0.92565698 0.92150761
  0.91632089 0.91701245 0.92047026 0.91528354]
 [0.84923928 0.85546335 0.85408022 0.85684647 0.86272476 0.85892116
  0.85338866 0.85995851 0.84716459 0.85477178]]

[[0.89226519 0.87430939 0.89640884 0.88812155 0.85635359 0.87569061
  0.87845304 0.87845304 0.88535912 0.88535912]
 [0.89640884 0.88535912 0.88674033 0.90469613 0.85635359 0.89364641
  0.8839779  0.89088398 0.90331492 0.89502762]
 [0.90469613 0.87845304 0.90055249 0.89917127 0.86049724 0.88535912
  0.8839779  0.88674033 0.89502762 0.89364641]
 [0.8839779  0.84944751 0.87154696 0.84392265 0.84254144 0.86464088
  0.85359116 0.86464088 0.86878453 0.85773481]]