scores_train_learning_DT1;0.777777778
scores_test_learning_DT1;0.766666667
scores_test_learning_DT1;0.772222222
scores_test_learning_DT1;0.784722222
scores_test_learning_DT1;0.788888889
scores_test_learning_DT1;0.785185185
scores_test_learning_DT1;0.784126984
scores_test_learning_DT1;0.211805556
scores_test_learning_DT1;0.786419753
scores_test_learning_DT1;0.785555556
scores_test_learning_DT1;0.783838384
scores_test_learning_DT1;0.219444444
scores_test_learning_DT1;0.782905983
scores_test_learning_DT1;0.776190476
scores_test_learning_DT1;0.775925926
scores_test_learning_DT1;0.777083333
scores_test_learning_DT1;0.777450980
scores_test_learning_DT1;0.779012346
scores_test_learning_DT1;0.223391813
scores_test_learning_DT1;0.775555556
scores_test_learning_DT1;0.221693122
scores_test_learning_DT1;0.777777778
scores_test_learning_DT1;0.776570048
scores_test_learning_DT1;0.777314815
scores_test_learning_DT1;0.780000000
scores_test_learning_DT1;0.779059829
scores_test_learning_DT1;0.779012346
scores_test_learning_DT1;0.778968254
scores_test_learning_DT1;0.777011494
scores_test_learning_DT1;0.777962963
scores_test_learning_DT1;0.779569892
scores_test_learning_DT1;0.220312500
scores_test_learning_DT1;0.219360269
scores_test_learning_DT1;0.779411765
scores_test_learning_DT1;0.778730159
scores_test_learning_DT1;0.778395062
scores_test_learning_DT1;0.777927928
scores_test_learning_DT1;0.778216374
scores_test_learning_DT1;0.777777778
scores_test_learning_DT1;0.777083333
scores_test_learning_DT1;0.776422764
scores_test_learning_DT1;0.775925926
scores_test_learning_DT1;0.775839793
scores_test_learning_DT1;0.775883838
scores_test_learning_DT1;0.775679012
scores_test_learning_DT1;0.775000000
scores_test_learning_DT1;0.775413712
scores_test_learning_DT1;0.775810185
scores_test_learning_DT1;0.775850340
scores_test_learning_DT1;0.775555556
scores_test_learning_DT1;0.224727669
scores_test_learning_DT1;0.225961538
scores_test_learning_DT1;0.773689727
scores_test_learning_DT1;0.774176955
scores_test_learning_DT1;0.774444444
scores_test_learning_DT1;0.774404762
scores_test_learning_DT1;0.774463938
scores_test_learning_DT1;0.774808429
scores_test_learning_DT1;0.775329567
scores_test_learning_DT1;0.775185185
scores_test_learning_DT1;0.774863388
scores_test_learning_DT1;0.224910394
scores_test_learning_DT1;0.775220459
scores_test_learning_DT1;0.775173611
scores_test_learning_DT1;0.775213675
scores_test_learning_DT1;0.775168350
scores_test_learning_DT1;0.775456053
scores_test_learning_DT1;0.224591503
scores_test_learning_DT1;0.775442834
scores_test_learning_DT1;0.775317460
scores_test_learning_DT1;0.224334898
scores_test_learning_DT1;0.775231481
scores_test_learning_DT1;0.775038052
scores_test_learning_DT1;0.775300300
scores_test_learning_DT1;0.775037037
scores_test_learning_DT1;0.775000000
scores_test_learning_DT1;0.775180375
scores_test_learning_DT1;0.775284900
scores_test_learning_DT1;0.774964838
scores_test_learning_DT1;0.774722222
scores_test_learning_DT1;0.774622771
scores_test_learning_DT1;0.775203252
scores_test_learning_DT1;0.774899598
scores_test_learning_DT1;0.775132275
scores_test_learning_DT1;0.224509804
scores_test_learning_DT1;0.223837209
scores_test_learning_DT1;0.224137931
scores_test_learning_DT1;0.776073232
scores_test_learning_DT1;0.775655431
scores_test_learning_DT1;0.225432099
scores_test_learning_DT1;0.774053724
scores_test_learning_DT1;0.772946860
scores_test_learning_DT1;0.772341697
scores_test_learning_DT1;0.771631206
scores_test_learning_DT1;0.770643275
scores_test_learning_DT1;0.229803241
scores_test_learning_DT1;0.770103093
scores_test_learning_DT1;0.769841270
scores_test_learning_DT1;0.230078563
scores_test_learning_DT1;0.769444444
scores_test_learning_DT1;0.666666667;0.661192621;0.663994664;0.670866294;0.731111111;0.613370710;0.613048369;0.730966964;0.671609313;0.670478821;0.670273456;0.780560358;0.669902058;0.665874753;0.665557827;0.555555556;0.721896015;0.722977323;0.611303955;0.720556409;0.722634836;0.722222222;0.665675778;0.610751860;0.780000000;0.723077942;0.611843367;0.723325568;0.721542057;0.500103224;0.723655914;0.611631775;0.668707434;0.723529412;0.500070154;0.722840037;0.666583024;0.611257429;0.666666667;0.666250321;0.776422764;0.500000000;0.555025498;0.720637755;0.610246998;0.720114836;0.665248227;0.554976778;0.720697665;0.720444444;0.610081842;0.609674065;0.718972807;0.664393517;0.664747531;0.774404978;0.719493386;0.719975944;0.665306253;0.720041628;0.555109140;0.610035842;0.720194046;0.665104167;0.665128205;0.720117884;0.775456129;0.665151024;0.720370406;0.720238130;0.720579131;0.720138987;0.610045726;0.665157644;0.610000030;0.664945173;0.665111882;0.665249453;0.664978903;0.664829892;0.664852573;0.720159294;0.664963204;0.720105820;0.720356239;0.720894645;0.720689655;0.776073298;0.665390276;0.774567943;0.609612477;0.609178744;0.663381142;0.608655862;0.662429313;0.770196777;0.716124915;0.715873016;0.715937149;0.715555556
scores_train_learning_DT2;0.636363636
;0.729323308
;0.800000000
;0.569288390
;0.625748503
;0.668329177
;0.693790150
;0.653558052
;0.490848586
;0.693113772
;0.632653061
;0.635910224
;0.576524741
;0.693048128
;0.607784431
;0.674462114
;0.614436620
;0.658354115
;0.696062992
;0.716529544
;0.668567356
;0.621768707
;0.683799610
;0.645885287
;0.631956912
;0.613924051
;0.638580931
;0.571352218
;0.566047472
;0.592518703
;0.629826255
;0.681626928
;0.592475068
;0.667693662
;0.663958957
;0.696591854
;0.585928023
;0.681102362
;0.670502493
;0.672774869
;0.696715328
;0.670466690
;0.698329854
;0.608296498
;0.665890957
;0.656260163
;0.685132124
;0.705112219
;0.716335878
;0.693895871
;0.706365503
;0.728711162
;0.686988428
;0.674979219
;0.674374320
;0.703179268
;0.701049869
;0.694609234
;0.675202840
;0.720019945
;0.717439294
;0.721766409
;0.735454761
;0.719728845
;0.725201381
;0.716228468
;0.693836534
;0.731133113
;0.655247181
;0.718529600
;0.691529709
;0.696031581
;0.720491803
;0.645167812
;0.718132855
;0.732677165
;0.703905187
;0.732642885
;0.647415262
;0.731301421
;0.719985223
;0.700966977
;0.751081471
;0.690115761
;0.721048926
;0.718385806
;0.702665520
;0.719653179
;0.670028576
;0.749667553
;0.669570935
;0.727967480
;0.728647258
;0.740251472
;0.633858268
;0.745208041
;0.713911166
;0.694703099
;0.714868540
;0.745549738
scores_test_learning_DT2;0.654761905;0.746886447;0.673433584;0.642022792;0.602319837;0.631219512;0.655111008;0.617822883;0.589098361;0.593850933;0.579140565;0.623384146;0.599639134;0.613982950;0.653485149;0.620894806;0.619795063;0.645307024;0.585810465;0.642431452;0.640841989;0.662788285;0.597374340;0.631519774;0.584035114;0.646338563;0.591019603;0.644518778;0.580882938;0.611472637;0.633313490;0.629244000;0.637848622;0.659012661;0.638705477;0.630498410;0.623930916;0.655197082;0.629452398;0.634266227;0.659992071;0.651591634;0.679916763;0.639588283;0.645971207;0.665051398;0.649583117;0.669875855;0.683380169;0.680816541;0.671945385;0.677864454;0.688718867;0.692223166;0.675552530;0.666162206;0.700919872;0.703466078;0.675829581;0.700171546;0.681408981;0.703503019;0.688018809;0.670965247;0.711414270;0.714458091;0.676285855;0.682786699;0.693886254;0.701996716;0.704624473;0.719966369;0.714788853;0.725886394;0.709798093;0.712032450;0.714829156;0.717939674;0.721277281;0.717347489;0.715774401;0.708156017;0.713599376;0.713627137;0.696791132;0.713557523;0.714390995;0.729710798;0.703867228;0.715310764;0.722198637;0.709617186;0.707942263;0.712120511;0.708827848;0.720614255;0.708379788;0.704946038;0.705977854;0.719430001
scores_pruning_DT1;0.769444444;0.715555556;0.715555556;0.607777778;0.715555556;0.607777778;0.661666667;0.553888889;0.661666667;0.553888889;0.715555556;0.661666667;0.607777778;0.715555556;0.661666667;0.661666667;0.661666667;0.661666667;0.715555556;0.715555556;0.769444444;0.661666667;0.715555556;0.715555556;0.769444444;0.769444444;0.715555556;0.607777778;0.661666667;0.661666667;0.769444444;0.661666667;0.769444444;0.661666667;0.661666667;0.607777778;0.661666667;0.661666667;0.661666667;0.715555556;0.769444444;0.661666667;0.607777778;0.715555556;0.661666667;0.607777778;0.769444444;0.607777778;0.607777778;0.607777778;0.661666667;0.607777778;0.661666667;0.769444444;0.607777778;0.661666667;0.661666667;0.500000000;0.661666667;0.500000000;0.661666667;0.715555556;0.661666667;0.715555556;0.661666667;0.715555556;0.661666667;0.607777778;0.661666667;0.715555556;0.607777778;0.446111111;0.661666667;0.607777778;0.715555556;0.607777778;0.769444444;0.661666667;0.607777778;0.715555556;0.661666667;0.715555556;0.661666667;0.607777778;0.715555556;0.661666667;0.715555556;0.715555556;0.661666667;0.553888889;0.661666667;0.661666667;0.715555556;0.769444444;0.769444444;0.769444444;0.715555556;0.769444444;0.769444444;0.661666667
scores_pruning_DT2;0.708032857;0.732270488;0.697112999;0.710291565;0.723008287;0.712832901;0.705641473;0.709528755;0.730190800;0.714189799;0.726759961;0.728090959;0.716571403;0.734219059;0.726880834;0.721662329;0.732870653;0.713268133;0.706849817;0.712985062;0.692189436;0.716861611;0.726749007;0.699094657;0.705360391;0.709978975;0.711339917;0.727209286;0.722872676;0.713269475;0.722994433;0.720157275;0.710745129;0.705956077;0.737669992;0.714038086;0.734663694;0.715225871;0.700130462;0.717634713;0.736623423;0.723448893;0.705795841;0.719696103;0.708491576;0.717617069;0.707592511;0.714192937;0.724797994;0.737507335;0.736169649;0.716737417;0.705651736;0.729450537;0.710889257;0.706986316;0.721955689;0.705802578;0.709549116;0.730037725;0.727343351;0.720603695;0.722712011;0.719696101;0.725851487;0.732124606;0.724633531;0.688008984;0.737665532;0.719254149;0.721665901;0.728092750;0.729284312;0.730024318;0.725852586;0.720297815;0.721204056;0.720002198;0.731840393;0.701613836;0.713881254;0.719269142;0.720912932;0.703576071;0.727351843;0.711770029;0.712676054;0.704149390;0.716266408;0.719568961;0.702958477;0.721805091;0.713874314;0.739170355;0.726746099;0.720745794;0.713268139;0.730494223;0.726300128;0.725558788
n1;30000
n2;11142
train_n1;18000
train_n2;6685
optimal_leaf_size_1;0.002500000
optimal_leaf_size_2;0.235000000
scores_train_DT1;0.769444444
scores_test_DT1;0.792833333
scores_train_DT2;0.720269260
scores_test_DT2;0.544087952
elasped_time_1;0.094393969
elasped_time_2;0.031878948