sample size[1, 11, 21, 31, 41, 51, 61, 71, 81, 91]

clock time[0.04347100257873535, 0.7359716415405273, 2.680737781524658, 5.488437747955322, 9.542733716964722, 14.849063730239868, 21.259507131576537, 29.014943838119507, 37.53499345779419, 47.45608816146851]

clock time std[0.0033749199473297278, 0.00947412767555329, 0.08711406233548993, 0.09407125498413625, 0.113096128684661, 0.15398717837969472, 0.11127553501500748, 0.23064356741642078, 0.21079242773833953, 0.46489688185573874]

fitness score[1.0, 19.0, 33.6, 46.0, 56.0, 67.6, 74.8, 74.0, 80.0, 71.2]

fitness score std[0.0, 0.0, 1.4966629547095764, 2.756809750418044, 1.8973665961010275, 1.3564659966250536, 2.4819347291981715, 26.153393661244042, 31.06766808114185, 43.050667822926975]

