sample size[1, 11, 21, 31, 41, 51, 61, 71, 81, 91]

clock time[0.0007672786712646484, 0.0013481616973876954, 0.001651430130004883, 0.0021446704864501952, 0.002388191223144531, 0.0025295257568359376, 0.002942800521850586, 0.002042341232299805, 0.0029709339141845703, 0.0027136802673339844]

clock time std[7.902321133326951e-05, 0.00032197270889805344, 0.00047052462248110084, 9.52844974397145e-05, 0.0002965442351069783, 0.0003078674140015917, 0.0002875872460825527, 0.0003078147439133411, 0.0006708796168308326, 0.0006912543507399052]

fitness score[1.0, 16.4, 13.8, 24.6, 5.8, 17.4, 33.0, 22.0, 7.4, 7.4]

fitness score std[0.0, 1.019803902718557, 11.196428001822724, 16.942254867637896, 0.7483314773547882, 20.924626639440906, 31.855925665407998, 31.016124838541646, 1.0198039027185568, 1.3564659966250536]

