sample size[1, 11, 21, 31, 41, 51, 61, 71, 81, 91]

clock time[0.14061732292175294, 0.15538997650146485, 0.164589786529541, 0.17994451522827148, 0.1798804759979248, 0.2012578010559082, 0.1914583206176758, 0.19936747550964357, 0.20523653030395508, 0.21807398796081542]

clock time std[0.014727272664159729, 0.007170631591442901, 0.004848007612244375, 0.008371371999073167, 0.005117844687821478, 0.004627424667455415, 0.004382279709606387, 0.005906419857667314, 0.004000154613451266, 0.004268587065568655]

fitness score[1.0, 19.0, 33.6, 46.4, 58.6, 70.2, 79.8, 86.8, 97.0, 107.8]

fitness score std[0.0, 0.0, 1.0198039027185568, 0.4898979485566356, 2.9393876913398134, 2.227105745132009, 6.177378084592201, 3.249615361854384, 2.5298221281347035, 2.6381811916545836]

