sample size[1, 11, 21, 31, 41, 51, 61, 71, 81, 91]

clock time[0.0008854389190673829, 0.0010865688323974609, 0.0012073516845703125, 0.0016451358795166015, 0.0010248184204101562, 0.0013523578643798828, 0.0015350818634033204, 0.0016017436981201171, 0.0020560264587402345, 0.0022980213165283204]

clock time std[0.00011953161532380882, 6.35968499107643e-05, 3.5355795217817644e-05, 0.00029876766305845094, 0.00029870674333105224, 0.0001496551274985877, 0.0004645663828023118, 0.00024664152064838505, 4.586112599618513e-05, 0.00012274872125122899]

fitness score[1.0, 12.6, 20.2, 19.0, 24.2, 8.8, 7.4, 8.8, 8.2, 7.0]

fitness score std[0.0, 5.817215828899595, 10.166612021711067, 15.949921629901509, 19.56936381183609, 1.32664991614216, 1.2, 1.32664991614216, 0.7483314773547883, 1.8973665961010275]

