mnist/ann_learning_curve_size_post

[  13   68  123  178  233  288  342  397  452  507  562  617  672  727
  782  837  892  947 1002 1057 1112 1167 1222 1277 1332]

[0.07692308 0.05392157 0.08943089 0.10674157 0.06008584 0.11689815
 0.13255361 0.09655751 0.09292035 0.08941486 0.06524318 0.07671529
 0.10019841 0.09078404 0.12787724 0.0951812  0.09678625 0.10665259
 0.12142382 0.12866604 0.11390887 0.12082262 0.14102564 0.05847037
 0.12562563]

[0.08605382 0.04651878 0.12358235 0.11855259 0.07054056 0.1200781
 0.15453534 0.09856558 0.09305032 0.07151154 0.0670363  0.09106858
 0.09453832 0.09604657 0.13460987 0.09855508 0.10656008 0.10503682
 0.12859336 0.1220696  0.11155533 0.12953733 0.1410586  0.05354155
 0.12404008]