mnist/ann_learning_curve_size_pre

[  15   81  147  213  279  345  411  477  543  609  675  741  807  873
  939 1005 1071 1137 1203 1269 1335 1401 1467 1533 1599]

[0.72666667 0.52716049 0.42176871 0.38262911 0.41111111 0.45971014
 0.44549878 0.5639413  0.5640884  0.45615764 0.59377778 0.59487179
 0.4417596  0.61145475 0.57507987 0.50179104 0.61699346 0.59700967
 0.46284289 0.66170213 0.59498127 0.41084939 0.63653715 0.6369863
 0.61913696]

[0.124   0.17575 0.17625 0.2255  0.227   0.2775  0.32175 0.37875 0.404
 0.351   0.43625 0.44225 0.34325 0.463   0.43375 0.4195  0.474   0.46175
 0.404   0.50925 0.46325 0.3655  0.50425 0.49775 0.48275]