Cpeaks_MI_keep_pct

[0.001 0.021 0.041 0.061 0.081 0.101 0.121 0.141 0.161 0.181 0.201 0.221
 0.241 0.261 0.281 0.301 0.321 0.341 0.361 0.381 0.401 0.421 0.441 0.461
 0.481 0.501 0.521 0.541 0.561 0.581 0.601 0.621 0.641 0.661 0.681 0.701
 0.721 0.741 0.761 0.781 0.801 0.821 0.841 0.861 0.881 0.901 0.921 0.941
 0.961 0.981]

[18. 18. 18. 18. 18. 18. 18. 18. 18. 18. 18. 18. 18. 18. 18. 18. 18. 18.
 18. 18. 18. 18. 18. 18. 18. 18. 18. 18. 18. 18. 18. 18. 18. 18. 18. 18.
 18. 18. 18. 18. 18. 18. 18. 18. 18. 18. 18. 18. 18. 18.]