nCityTSP_SA_max_iters

[  1.  21.  41.  61.  81. 101. 121. 141. 161. 181. 201. 221. 241. 261.
 281. 301. 321. 341. 361. 381. 401. 421. 441. 461. 481. 501. 521. 541.
 561. 581. 601. 621. 641. 661. 681. 701. 721. 741. 761. 781. 801. 821.
 841. 861. 881. 901. 921. 941. 961. 981.]

[0.38355615 0.42091285 0.37540814 0.41147477 0.42455964 0.39907897
 0.42485928 0.43410822 0.42162498 0.47529647 0.40903926 0.4237037
 0.44977219 0.42426496 0.43952541 0.43948223 0.42240891 0.44935248
 0.42088851 0.45386121 0.45333996 0.46936985 0.45661055 0.47146965
 0.47582844 0.47582844 0.47582844 0.47582844 0.47582844 0.47582844
 0.47582844 0.47582844 0.47582844 0.47582844 0.47582844 0.47582844
 0.47582844 0.47582844 0.47582844 0.47582844 0.47582844 0.47582844
 0.47582844 0.47582844 0.47582844 0.47582844 0.47582844 0.47582844
 0.47582844 0.47582844]