nCityTSP_GA_pop_size

[  0.2   4.2   8.2  12.2  16.2  20.2  24.2  28.2  32.2  36.2  40.2  44.2
  48.2  52.2  56.2  60.2  64.2  68.2  72.2  76.2  80.2  84.2  88.2  92.2
  96.2 100.2 104.2 108.2 112.2 116.2 120.2 124.2 128.2 132.2 136.2 140.2
 144.2 148.2 152.2 156.2 160.2 164.2 168.2 172.2 176.2 180.2 184.2 188.2
 192.2 196.2]

[0.46390519 0.46994367 0.46255778 0.47376978 0.48000669 0.48787158
 0.49323132 0.48260142 0.49229239 0.48884205 0.49323132 0.49066055
 0.49323132 0.49323132 0.49323132 0.49323132 0.49323132 0.49323132
 0.49323132 0.49323132 0.49323132 0.49323132 0.49323132 0.49323132
 0.49323132 0.49323132 0.49323132 0.49323132 0.49323132 0.49323132
 0.49323132 0.49323132 0.49323132 0.49323132 0.49323132 0.49323132
 0.49323132 0.49323132 0.49323132 0.49323132 0.49323132 0.49323132
 0.49323132 0.49323132 0.49323132 0.49323132 0.49323132 0.49323132
 0.49323132 0.49323132]