[]
[]
[]
[]
[]
[]
[]
[]
[nan, 0.0, 0.0, 0.0, 0.0, 0.0, 0.0, 0.0, 0.0, 0.0, 0.0, 0.0, 0.0, 0.0, 0.0, 0.0, 0.0, 0.0, 0.0, 0.0, 0.0, 0.0, 0.0, 0.0, 0.0, 0.0, 0.0, 0.0, 0.0, 0.0, 0.0, 0.0, 1.0360410000000115, 0.0, 5.970978000000002, 0.0, 0.0, 0.0, 0.0, 0.0, 0.0, 0.0, 0.0, 0.0, 0.0, 0.0, 0.0, 0.0, 0.0, 0.0, 0.0, 0.0, 0.0, 1.0360410000000115, 0.0, 0.0, 0.0, 0.0, 0.0, 1.0360410000000115, 0.0, 0.0, 0.0, 0.0, 1.0360410000000115, 0.0, 0.0, 0.0, 0.0, 0.0, 0.0, 0.0, 0.0, 1.0360410000000115, 0.0, 0.0, 0.0, 0.0, 0.0, 0.0, 0.0, 0.0, 0.0, 0.0, 0.0, 0.0, 0.0, 0.0, 0.0, 0.0, 0.0, 0.0, 1.0360410000000115, 0.0, 0.0, 0.0, 0.0, 0.0, 0.0, 0.0]
[nan, 0.0, 0.0, 0.0, 0.0, 0.0, 0.0, 0.0, 0.0, 0.0, 0.0, 0.0, 0.0, 0.0, 0.0, 0.0, 0.0, 0.0, 0.0, 0.0, 0.0, 0.0, 0.0, 0.0, 0.0, 0.0, 0.0, 0.0, 0.0, 4.289307000000008, 0.0, 0.0, 0.0, 0.0, 0.0, 0.0, 0.0, 1.0360410000000115, 0.0, 0.0, 0.0, 0.0, 0.0, 4.289307000000008, 0.0, 0.0, 4.289307000000008, 4.289307000000008, 0.0, 0.0, 0.0, 0.0, 0.0, 0.0, 0.0, 0.0, 0.0, 0.0, 0.0, 0.0, 0.0, 0.0, 0.0, 0.0, 0.0, 0.0, 0.0, 0.0, 0.0, 0.0, 0.0, 0.0, 0.0, 0.0, 0.0, 5.970978000000002, 0.0, 0.0, 0.0, 0.0, 0.0, 0.0, 0.0, 0.0, 0.0, 0.0, 0.0, 0.0, 0.0, 0.0, 0.0, 0.0, 0.0, 0.0, 0.0, 5.970978000000002, 0.0, 0.0, 0.0, 0.0]
[nan, 0.0, 0.0, 0.0, 0.0, 0.0, 0.0, 0.0, 0.0, 0.0, 0.0, 0.0, 0.0, 0.0, 0.0, 0.0, 0.0, 0.0, 0.0, 0.0, 0.0, 0.0, 0.0, 0.0, 0.0, 0.0, 0.0, 0.0, 0.0, 0.0, 0.0, 0.0, 0.0, 0.0, 0.0, 0.0, 0.0, 0.0, 0.0, 0.0, 0.0, 0.0, 0.0, 0.0, 0.0, 0.0, 0.0, 0.0, 0.0, 0.0, 0.0, 0.0, 0.0, 0.0, 0.0, 0.0, 0.0, 0.0, 0.0, 0.0, 0.0, 0.0, 0.0, 0.0, 0.0, 0.0, 0.0, 0.0, 0.0, 0.0, 0.0, 0.0, 0.0, 0.0, 0.0, 0.0, 0.0, 0.0, 0.0, 0.0, 0.0, 0.0, 0.0, 1.0360410000000115, 0.0, 0.0, 0.0, 0.0, 0.0, 0.0, 0.0, 0.0, 0.0, 0.0, 0.0, 1.0360410000000115, 0.0, 0.0, 0.0, 0.0]
[]
[]
[]
[]
[nan]
[0.0]
[nan, 3.8988959999999793, 3.8988959999999793, 3.8988959999999793, 3.8988959999999793, 3.8988959999999793, 3.8988959999999793, 3.8988959999999793, 3.8988959999999793, 3.8988959999999793, 3.8988959999999793, 3.8988959999999793, 3.8988959999999793, 3.8988959999999793, 3.8988959999999793, 3.8988959999999793, 3.8988959999999793, 3.8988959999999793, 3.8988959999999793, 3.8988959999999793, 3.8988959999999793, 3.8988959999999793, 3.8988959999999793, 3.8988959999999793, 3.8988959999999793, 3.8988959999999793, 3.8988959999999793, 3.8988959999999793, 3.8988959999999793, 3.8988959999999793, 3.8988959999999793, 3.8988959999999793, 3.8988959999999793, 3.8988959999999793, 3.8988959999999793, 3.8988959999999793, 3.8988959999999793, 3.8988959999999793, 3.8988959999999793, 3.8988959999999793, 3.8988959999999793, 3.8988959999999793, 3.8988959999999793, 3.8988959999999793, 3.8988959999999793, 3.8988959999999793, 3.8988959999999793, 3.8988959999999793, 3.8988959999999793, 3.8988959999999793, 3.8988959999999793, 3.8988959999999793, 3.8988959999999793, 3.8988959999999793, 3.8988959999999793, 3.8988959999999793, 3.8988959999999793, 3.8988959999999793, 3.8988959999999793, 3.8988959999999793, 3.8988959999999793, 3.8988959999999793, 3.8988959999999793, 3.8988959999999793, 3.8988959999999793, 3.8988959999999793, 3.8988959999999793, 3.8988959999999793, 3.8988959999999793, 3.8988959999999793, 3.8988959999999793, 3.8988959999999793, 3.8988959999999793, 3.8988959999999793, 3.8988959999999793, 3.8988959999999793, 3.8988959999999793, 3.8988959999999793, 3.8988959999999793, 3.8988959999999793, 3.8988959999999793, 3.8988959999999793, 3.8988959999999793, 3.8988959999999793, 3.8988959999999793, 3.8988959999999793, 3.8988959999999793, 3.8988959999999793, 3.8988959999999793, 3.8988959999999793, 3.8988959999999793, 3.8988959999999793, 3.8988959999999793, 3.8988959999999793, 3.8988959999999793, 3.8988959999999793, 3.8988959999999793, 3.8988959999999793, 3.8988959999999793, 3.8988959999999793]
[nan, 3.8988959999999793, -3.8988959999999793, -3.8988959999999793, 3.8988959999999793, -3.8988959999999793, 3.8988959999999793, -3.8988959999999793, 3.8988959999999793, -3.8988959999999793, -3.8988959999999793, 3.8988959999999793, 3.8988959999999793, -3.8988959999999793, 3.8988959999999793, 3.8988959999999793, -3.8988959999999793, -3.8988959999999793, 3.8988959999999793, -3.8988959999999793, 3.8988959999999793, -3.8988959999999793, 3.8988959999999793, -3.8988959999999793, 3.8988959999999793, -3.8988959999999793, 3.8988959999999793, -3.8988959999999793, 3.8988959999999793, -3.8988959999999793, 3.8988959999999793, -3.8988959999999793, 3.8988959999999793, -3.8988959999999793, 3.8988959999999793, -3.8988959999999793, 3.8988959999999793, -3.8988959999999793, -3.8988959999999793, 3.8988959999999793, 3.8988959999999793, -3.8988959999999793, 3.8988959999999793, -3.8988959999999793, -3.8988959999999793, 3.8988959999999793, 3.8988959999999793, -3.8988959999999793, 3.8988959999999793, -3.8988959999999793, 3.8988959999999793, -3.8988959999999793, 3.8988959999999793, -3.8988959999999793, -3.8988959999999793, 3.8988959999999793, -3.8988959999999793, 3.8988959999999793, -3.8988959999999793, 3.8988959999999793, -3.8988959999999793, 3.8988959999999793, -3.8988959999999793, 3.8988959999999793, -3.8988959999999793, 3.8988959999999793, -3.8988959999999793, -3.8988959999999793, 3.8988959999999793, -3.8988959999999793, 3.8988959999999793, 3.8988959999999793, -3.8988959999999793, 3.8988959999999793, -3.8988959999999793, 3.8988959999999793, -3.8988959999999793, 3.8988959999999793, -3.8988959999999793, 3.8988959999999793, -3.8988959999999793, 3.8988959999999793, -3.8988959999999793, 3.8988959999999793, -3.8988959999999793, 3.8988959999999793, -3.8988959999999793, 3.8988959999999793, 3.8988959999999793, 3.8988959999999793, 3.8988959999999793, -3.8988959999999793, 3.8988959999999793, 3.8988959999999793, -3.8988959999999793, -3.8988959999999793, 3.8988959999999793, -3.8988959999999793, -3.8988959999999793, 3.8988959999999793]
[]
[-1.0633352727272671, 0.15595583999999918, 2.027425919999989, 3.586984319999981, 3.0411388799999837]
[3.8988959999999793]
[-3.8988959999999793]
[-3.8988959999999793]
[3.8988959999999793, 3.8988959999999793, 3.8988959999999793, 3.8988959999999793, 3.8988959999999793, 3.8988959999999793, 3.8988959999999793, 3.8988959999999793, 3.8988959999999793, 3.8988959999999793, 3.1191167999999836, 3.8988959999999793, 3.8988959999999793, 3.8988959999999793, 3.8988959999999793, 3.1191167999999836, 3.8988959999999793, 3.8988959999999793, 3.8988959999999793, 3.8988959999999793, 3.8988959999999793, 3.8988959999999793, 3.8988959999999793, 3.1191167999999836, 3.8988959999999793, 3.8988959999999793, 3.8988959999999793, 2.3393375999999875, 3.1191167999999836, 3.8988959999999793, 3.8988959999999793, 3.8988959999999793, 3.8988959999999793, 3.8988959999999793, 3.8988959999999793, 3.8988959999999793, 3.8988959999999793, 3.8988959999999793, 3.8988959999999793, 3.8988959999999793, 3.8988959999999793, 3.8988959999999793, 3.8988959999999793, 3.8988959999999793, 3.1191167999999836, 3.8988959999999793, 3.8988959999999793, 3.8988959999999793, 3.1191167999999836, 3.8988959999999793, 3.8988959999999793, 3.8988959999999793, 3.8988959999999793, 3.8988959999999793, 3.8988959999999793, 3.8988959999999793, 3.1191167999999836, 3.8988959999999793, 3.8988959999999793, 3.8988959999999793, 3.1191167999999836, 3.1191167999999836, 3.8988959999999793, 3.8988959999999793, 3.1191167999999836, 3.8988959999999793, 3.1191167999999836, 3.1191167999999836, 3.1191167999999836, 2.3393375999999875, 3.8988959999999793, 3.1191167999999836, 3.8988959999999793, 3.8988959999999793, 3.8988959999999793, 3.8988959999999793, 3.8988959999999793, 3.8988959999999793, 3.8988959999999793, 3.8988959999999793, 3.8988959999999793, 3.8988959999999793, 3.8988959999999793, 3.8988959999999793, 3.8988959999999793, 3.8988959999999793, 3.8988959999999793, 2.3393375999999875, 3.1191167999999836, 3.8988959999999793, 3.8988959999999793, 3.8988959999999793, 3.8988959999999793, 3.8988959999999793, 3.8988959999999793, 3.8988959999999793, 3.8988959999999793, 3.8988959999999793, 3.8988959999999793, 3.8988959999999793]
[2.638646787878774, 3.5090063999999814, 3.5090063999999814, 3.6649622399999804, 3.7429401599999803]
[nan, 3.8988959999999793, 3.8988959999999793, 3.8988959999999793, 3.8988959999999793]
[nan, 3.8988959999999793, 3.8988959999999793, 3.8988959999999793, 3.8988959999999793]
[0.19691393939393834, -0.07797791999999959, -0.46786751999999754, -0.31191167999999836, 3.6649622399999804]
[-0.5119762424242397, 2.963160959999984, 3.8988959999999793, 3.8988959999999793, 3.8988959999999793]
[0.06767676767676382, 0.09999999999999432, 0.09999999999999432, 0.09999999999999432, 0.09999999999999432]
[]
[]
[-1.0360410000000115, 1.0360410000000115, 1.0360410000000115, 1.0360410000000115, 1.0360410000000115]
[-1.0360410000000115, 1.0360410000000115, 1.0360410000000115, 1.0360410000000115, 1.0360410000000115]
[-0.2599999999999909, 0.2599999999999909, 0.2599999999999909, 0.2599999999999909, 0.2599999999999909]
[-0.75, 0.75, 0.75, 0.75, 0.75]
[0.75, 0.75, 0.75, 0.75, 0.75]
[-0.75, 0.75, 0.75, 0.75, 0.75]
[0.75, 0.75, 0.75, 0.75, 0.75]
[-1.25, 1.25, 1.25, 1.25, 1.25]
[1.25, 1.25, 1.25, 1.25, 1.25]
[-0.38000000000000256, 0.38000000000000256, 0.38000000000000256, 0.38000000000000256, 0.38000000000000256]
[3.169999999999998, 3.169999999999998, 3.169999999999998, 3.169999999999998, 3.169999999999998]
[-3.169999999999998, 3.169999999999998, 3.169999999999998, 3.169999999999998, 3.169999999999998]
[-0.2599999999999909, 0.2599999999999909, 0.2599999999999909, 0.2599999999999909, 0.2599999999999909]
[0.2599999999999909, 0.2599999999999909, 0.2599999999999909, 0.2599999999999909, 0.2599999999999909]
[0.2599999999999909, 0.2599999999999909, 0.2599999999999909, 0.2599999999999909, 0.2599999999999909]
[-0.2599999999999909, 0.2599999999999909, 0.2599999999999909, 0.2599999999999909, 0.2599999999999909]
[-0.15630000000000166, 0.15630000000000166, 0.15630000000000166, 0.15630000000000166, 0.15630000000000166]
