default/BoostDT2

[1, 6, 11, 16, 21, 26, 31, 36, 41, 46]

[[0.99963542 0.99963542 0.99973958 0.99963542 0.99958333 0.99963542
  0.9996875  0.99973958 0.99973958 0.9996875 ]
 [0.99953125 0.99963542 0.99973958 0.99963542 0.99953125 0.99953125
  0.9996875  0.99973958 0.99963542 0.99963542]
 [0.99729167 0.99713542 0.99713542 0.99770833 0.9971875  0.99671875
  0.996875   0.99776042 0.99713542 0.99744792]
 [0.99166667 0.99088542 0.991875   0.99192708 0.99208333 0.99302083
  0.99239583 0.99208333 0.99265625 0.99182292]
 [0.97859375 0.97927083 0.97916667 0.97890625 0.98140625 0.97854167
  0.97776042 0.97921875 0.97942708 0.97859375]
 [0.96109375 0.95921875 0.96104167 0.96104167 0.96119792 0.96052083
  0.96098958 0.95994792 0.9584375  0.95973958]
 [0.94192708 0.94151042 0.94067708 0.9403125  0.93953125 0.94057292
  0.94046875 0.9421875  0.9421875  0.940625  ]
 [0.92828125 0.92255208 0.92375    0.92140625 0.92395833 0.92578125
  0.92484375 0.92619792 0.92171875 0.92645833]
 [0.90885417 0.90984375 0.90880208 0.90895833 0.90734375 0.91223958
  0.91041667 0.90989583 0.91015625 0.91140625]
 [0.9        0.89552083 0.89911458 0.89802083 0.89552083 0.89682292
  0.89588542 0.89609375 0.8984375  0.89666667]]

[[0.77375    0.77604167 0.78       0.77416667 0.77208333 0.78729167
  0.7825     0.77916667 0.779375   0.778125  ]
 [0.75791667 0.75895833 0.7625     0.766875   0.750625   0.76020833
  0.75229167 0.75958333 0.74729167 0.764375  ]
 [0.75166667 0.755625   0.75625    0.74958333 0.74520833 0.74666667
  0.74854167 0.754375   0.750625   0.75      ]
 [0.733125   0.7425     0.74458333 0.74125    0.74333333 0.73958333
  0.73833333 0.7425     0.73645833 0.73479167]
 [0.74916667 0.74604167 0.74729167 0.74395833 0.7475     0.75104167
  0.74270833 0.74541667 0.73708333 0.751875  ]
 [0.751875   0.75854167 0.75895833 0.75625    0.75604167 0.75041667
  0.75166667 0.76083333 0.75375    0.753125  ]
 [0.756875   0.76229167 0.75791667 0.761875   0.7625     0.759375
  0.75375    0.76166667 0.75291667 0.760625  ]
 [0.7625     0.765      0.76208333 0.7525     0.759375   0.75625
  0.755625   0.765625   0.76041667 0.76729167]
 [0.76354167 0.76875    0.77854167 0.75708333 0.78041667 0.76791667
  0.76604167 0.76479167 0.76229167 0.76708333]
 [0.7625     0.775625   0.76854167 0.77333333 0.770625   0.76875
  0.77       0.77958333 0.76104167 0.77125   ]]