default/BoostDT1

[  192  2304  4416  6528  8640 10752 12864 14976 17088 19200]

[[0.94791667 0.90625    0.9375     0.9375     0.93229167 0.92708333
  0.90625    0.9375     0.93229167 0.96354167]
 [0.95529514 0.96614583 0.95703125 0.96571181 0.96484375 0.96744792
  0.95789931 0.95876736 0.97265625 0.9609375 ]
 [0.95629529 0.95855978 0.96286232 0.96625906 0.95652174 0.96376812
  0.96467391 0.96490036 0.96671196 0.96444746]
 [0.95863971 0.9620098  0.96798407 0.96691176 0.96599265 0.95955882
  0.96139706 0.96400123 0.96262255 0.96354167]
 [0.96273148 0.95960648 0.96516204 0.96238426 0.9625     0.95914352
  0.96469907 0.96423611 0.9630787  0.96331019]
 [0.96382068 0.96475074 0.96196057 0.96103051 0.96112351 0.96754092
  0.96744792 0.96382068 0.96754092 0.96391369]
 [0.96424129 0.96307525 0.96579602 0.96245336 0.96206468 0.96634017
  0.96431903 0.96439677 0.96672886 0.96393035]
 [0.96414263 0.96614583 0.96307425 0.96440972 0.96461004 0.965211
  0.96354167 0.96334135 0.96721421 0.96627938]
 [0.96319054 0.964478   0.96523876 0.96494616 0.96746255 0.96599953
  0.96406835 0.96301498 0.96529728 0.96289794]
 [0.96557292 0.96427083 0.96307292 0.96442708 0.96541667 0.96395833
  0.96510417 0.96557292 0.963125   0.96546875]]

[[0.74020833 0.71083333 0.733125   0.77458333 0.7525     0.74020833
  0.71416667 0.75416667 0.746875   0.76      ]
 [0.73916667 0.74791667 0.74104167 0.75958333 0.75708333 0.74708333
  0.73875    0.74791667 0.7475     0.74791667]
 [0.75145833 0.75       0.75333333 0.74416667 0.75020833 0.74083333
  0.75166667 0.74375    0.743125   0.7425    ]
 [0.74604167 0.74791667 0.74666667 0.745625   0.75229167 0.746875
  0.74041667 0.75125    0.749375   0.75166667]
 [0.74770833 0.74833333 0.75125    0.7525     0.75833333 0.75375
  0.74729167 0.75270833 0.75583333 0.74770833]
 [0.75333333 0.75729167 0.74916667 0.748125   0.75666667 0.74208333
  0.75833333 0.74916667 0.74770833 0.76083333]
 [0.75645833 0.755625   0.75979167 0.756875   0.75854167 0.75041667
  0.73625    0.74333333 0.75104167 0.75354167]
 [0.74770833 0.754375   0.75416667 0.75375    0.75479167 0.75416667
  0.74729167 0.755625   0.75270833 0.75375   ]
 [0.74666667 0.75333333 0.75416667 0.74125    0.76708333 0.74979167
  0.75104167 0.759375   0.74708333 0.76125   ]
 [0.755      0.75       0.74708333 0.74958333 0.751875   0.74916667
  0.75104167 0.76125    0.75395833 0.74541667]]