default/DT1

[  192  2304  4416  6528  8640 10752 12864 14976 17088 19200]

[[0.80729167 0.79166667 0.83333333 0.828125   0.79166667 0.796875
  0.75520833 0.81770833 0.828125   0.85416667]
 [0.82769097 0.828125   0.82378472 0.83940972 0.82769097 0.83376736
  0.82682292 0.82855903 0.83637153 0.83463542]
 [0.8267663  0.82359601 0.83831522 0.83582428 0.83582428 0.82993659
  0.83288043 0.83446558 0.83197464 0.83265399]
 [0.83348652 0.82751225 0.83609069 0.83655025 0.83762255 0.82414216
  0.83394608 0.83440564 0.8393076  0.83532475]
 [0.83472222 0.82858796 0.83726852 0.83483796 0.83738426 0.83252315
  0.8369213  0.83460648 0.84247685 0.83333333]
 [0.83472842 0.83138021 0.83398438 0.83472842 0.83733259 0.83138021
  0.83491443 0.83426339 0.84012277 0.83258929]
 [0.83341107 0.83294465 0.83395522 0.83053483 0.83597637 0.83395522
  0.83418843 0.83488806 0.83737562 0.83434391]
 [0.83587073 0.83226496 0.83393429 0.83393429 0.83453526 0.8346688
  0.83420139 0.83446848 0.8372062  0.83406784]
 [0.83544007 0.82964654 0.83508895 0.83397706 0.83508895 0.83526451
  0.8343867  0.83602528 0.83725421 0.83315777]
 [0.83526042 0.83296875 0.83557292 0.83510417 0.8340625  0.835625
  0.8353125  0.83505208 0.83427083 0.83463542]]

[[0.794375   0.77895833 0.80729167 0.82125    0.77895833 0.77541667
  0.774375   0.77729167 0.79354167 0.81708333]
 [0.794375   0.80958333 0.809375   0.80979167 0.79354167 0.801875
  0.796875   0.81666667 0.7825     0.79791667]
 [0.79104167 0.81041667 0.80854167 0.80354167 0.79458333 0.80125
  0.79791667 0.8075     0.79625    0.79958333]
 [0.79041667 0.80375    0.80020833 0.80354167 0.7975     0.80333333
  0.80104167 0.79833333 0.79458333 0.80083333]
 [0.798125   0.80354167 0.803125   0.80020833 0.80416667 0.79583333
  0.79520833 0.80229167 0.80229167 0.79770833]
 [0.80145833 0.8075     0.81083333 0.80333333 0.80729167 0.800625
  0.79979167 0.80375    0.799375   0.801875  ]
 [0.80208333 0.80729167 0.80604167 0.806875   0.8075     0.80208333
  0.79645833 0.80479167 0.801875   0.8025    ]
 [0.805      0.805      0.80333333 0.80666667 0.80708333 0.79854167
  0.80166667 0.79645833 0.80270833 0.80229167]
 [0.80416667 0.81604167 0.80020833 0.801875   0.80083333 0.79979167
  0.798125   0.79583333 0.79791667 0.80229167]
 [0.803125   0.8075     0.799375   0.80375    0.80541667 0.79354167
  0.79729167 0.80208333 0.80083333 0.799375  ]]