default/DT2

[1, 6, 11, 16, 21, 26, 31, 36, 41, 46]

[[0.99963542 0.99963542 0.99973958 0.99963542 0.99958333 0.99963542
  0.9996875  0.99973958 0.99973958 0.9996875 ]
 [0.89125    0.89015625 0.89057292 0.88770833 0.88994792 0.88901042
  0.89229167 0.8915625  0.88979167 0.88963542]
 [0.86005208 0.85859375 0.86026042 0.85807292 0.85916667 0.858125
  0.8596875  0.85911458 0.85963542 0.85927083]
 [0.84401042 0.84546875 0.84765625 0.84479167 0.84614583 0.84572917
  0.84583333 0.84723958 0.84463542 0.84578125]
 [0.8371875  0.8375     0.8390625  0.83864583 0.83916667 0.83932292
  0.83854167 0.83880208 0.836875   0.83729167]
 [0.8346875  0.83239583 0.83442708 0.83442708 0.8334375  0.834375
  0.83411458 0.83375    0.83354167 0.83369792]
 [0.83098958 0.82979167 0.83       0.83109375 0.83182292 0.83203125
  0.83161458 0.83145833 0.83192708 0.83125   ]
 [0.82963542 0.82786458 0.828125   0.82885417 0.83010417 0.83
  0.83135417 0.82921875 0.83010417 0.83041667]
 [0.82828125 0.82625    0.82661458 0.8275     0.82770833 0.82890625
  0.82817708 0.82755208 0.82890625 0.82776042]
 [0.82713542 0.82510417 0.82526042 0.825625   0.82645833 0.8275
  0.82729167 0.82598958 0.82776042 0.82645833]]

[[0.72625    0.72125    0.72458333 0.71708333 0.71729167 0.72708333
  0.716875   0.7225     0.72625    0.71958333]
 [0.75895833 0.76416667 0.76083333 0.756875   0.76520833 0.76041667
  0.750625   0.75479167 0.75916667 0.75520833]
 [0.770625   0.78020833 0.783125   0.78583333 0.77770833 0.778125
  0.78354167 0.77041667 0.776875   0.76583333]
 [0.79625    0.79104167 0.78854167 0.798125   0.785625   0.794375
  0.799375   0.785      0.79270833 0.78354167]
 [0.79791667 0.80354167 0.791875   0.79729167 0.799375   0.795
  0.7975     0.79458333 0.79645833 0.79625   ]
 [0.80145833 0.80541667 0.79916667 0.80604167 0.80770833 0.795
  0.80166667 0.80291667 0.80104167 0.80375   ]
 [0.80583333 0.81083333 0.80645833 0.80520833 0.814375   0.79916667
  0.803125   0.80958333 0.80083333 0.80645833]
 [0.809375   0.81458333 0.8075     0.80729167 0.81375    0.80333333
  0.80645833 0.81083333 0.806875   0.80895833]
 [0.81166667 0.81541667 0.80979167 0.80979167 0.806875   0.80354167
  0.805625   0.81229167 0.809375   0.81354167]
 [0.81020833 0.81916667 0.81229167 0.815      0.81041667 0.809375
  0.80666667 0.81458333 0.80729167 0.81479167]]