default/DT3

[1, 6, 11, 16, 21, 26, 31, 36, 41, 46]

[[0.8171875  0.81484375 0.81635417 0.81609375 0.81630208 0.81729167
  0.81661458 0.81677083 0.81864583 0.81713542]
 [0.82463542 0.82036458 0.82364583 0.823125   0.8234375  0.82479167
  0.82260417 0.82416667 0.82583333 0.824375  ]
 [0.83458333 0.82958333 0.83265625 0.83322917 0.83359375 0.83333333
  0.83286458 0.83375    0.8334375  0.83416667]
 [0.83526042 0.83286458 0.83546875 0.83510417 0.8340625  0.83489583
  0.8353125  0.83505208 0.83427083 0.83463542]
 [0.83526042 0.83317708 0.83557292 0.83510417 0.8340625  0.835625
  0.83536458 0.83505208 0.83427083 0.83489583]
 [0.83526042 0.83296875 0.83557292 0.83510417 0.8340625  0.835625
  0.83536458 0.83505208 0.83427083 0.83479167]
 [0.83526042 0.83296875 0.83567708 0.83510417 0.8340625  0.835625
  0.83536458 0.83505208 0.83427083 0.83473958]
 [0.83526042 0.83317708 0.83567708 0.83510417 0.8340625  0.835625
  0.83536458 0.83505208 0.83427083 0.83489583]
 [0.83526042 0.83317708 0.83557292 0.83510417 0.8340625  0.835625
  0.8353125  0.83505208 0.83427083 0.83473958]
 [0.83526042 0.83317708 0.83557292 0.83510417 0.8340625  0.835625
  0.8353125  0.83505208 0.83427083 0.83479167]]

[[0.816875   0.82625    0.82020833 0.82125    0.82041667 0.81645833
  0.81916667 0.81854167 0.81104167 0.81708333]
 [0.81625    0.82666667 0.81645833 0.81791667 0.82083333 0.81416667
  0.81895833 0.81729167 0.81145833 0.815     ]
 [0.80708333 0.81104167 0.805      0.805625   0.80854167 0.80166667
  0.80125    0.80770833 0.80229167 0.800625  ]
 [0.803125   0.805      0.79958333 0.80458333 0.80541667 0.794375
  0.79729167 0.80166667 0.80104167 0.79916667]
 [0.803125   0.805625   0.79875    0.80375    0.80541667 0.793125
  0.7975     0.80166667 0.80083333 0.79895833]
 [0.803125   0.80791667 0.799375   0.80375    0.80541667 0.79333333
  0.7975     0.80166667 0.80083333 0.79895833]
 [0.803125   0.8075     0.79854167 0.80375    0.80541667 0.79354167
  0.7975     0.80125    0.80104167 0.79875   ]
 [0.804375   0.80604167 0.79854167 0.80354167 0.80541667 0.79354167
  0.7975     0.80166667 0.80083333 0.79895833]
 [0.804375   0.805625   0.79875    0.80354167 0.80541667 0.79333333
  0.79729167 0.80166667 0.80083333 0.79854167]
 [0.803125   0.80604167 0.799375   0.80458333 0.80541667 0.79333333
  0.79729167 0.80208333 0.80083333 0.79979167]]