loc/ANN1

[  39  479  919 1359 1799 2239 2679 3119 3559 3999]

[[0.97435897 0.92307692 1.         0.94871795 1.         0.84615385
  0.94871795 1.         0.8974359  0.97435897]
 [0.96242171 0.9874739  0.98121086 0.99582463 0.98956159 0.97703549
  0.99164927 0.9874739  0.97077244 0.98956159]
 [0.9945593  0.98803047 0.99238303 0.98694233 0.98258977 0.98367791
  0.99782372 0.99347116 0.98367791 0.99129489]
 [0.99337748 0.98896247 0.98233996 0.9852833  0.9852833  0.98601913
  0.99705666 0.99484915 0.98675497 0.98822664]
 [0.99166203 0.98610339 0.98387993 0.98832685 0.99444136 0.98999444
  0.99499722 0.99332963 0.99277376 0.9827682 ]
 [0.99598035 0.99151407 0.99017418 0.98928093 0.99508709 0.98794105
  0.99553372 0.99151407 0.99508709 0.98838767]
 [0.99626726 0.99253453 0.98432251 0.98880179 0.9944009  0.98656215
  0.99589399 0.99402762 0.98992161 0.99365435]
 [0.995832   0.99262584 0.99294646 0.98428984 0.99422892 0.98877845
  0.995832   0.99487015 0.99006092 0.99166399]
 [0.99438044 0.99381849 0.99353751 0.98876089 0.99353751 0.99409947
  0.99606631 0.99381849 0.98538915 0.98904187]
 [0.99249812 0.99524881 0.99324831 0.99349837 0.9939985  0.99499875
  0.99374844 0.99249812 0.98674669 0.9859965 ]]

[[0.56  0.634 0.596 0.606 0.628 0.565 0.674 0.651 0.541 0.706]
 [0.877 0.894 0.9   0.88  0.886 0.853 0.88  0.883 0.888 0.888]
 [0.919 0.926 0.934 0.924 0.897 0.906 0.9   0.921 0.915 0.922]
 [0.938 0.937 0.938 0.933 0.915 0.916 0.917 0.921 0.943 0.943]
 [0.937 0.949 0.95  0.939 0.936 0.925 0.926 0.943 0.943 0.931]
 [0.952 0.949 0.951 0.942 0.935 0.939 0.935 0.952 0.95  0.947]
 [0.95  0.951 0.953 0.951 0.95  0.943 0.943 0.956 0.94  0.963]
 [0.955 0.956 0.959 0.951 0.954 0.942 0.944 0.963 0.947 0.947]
 [0.967 0.96  0.962 0.949 0.955 0.952 0.951 0.966 0.944 0.954]
 [0.963 0.959 0.956 0.956 0.96  0.953 0.953 0.964 0.956 0.954]]