loc/ANN2

[1, 21, 41, 61, 81, 101]

[[0.68792198 0.6764191  0.62590648 0.67991998 0.68967242 0.68242061
  0.68342086 0.68567142 0.63065766 0.63690923]
 [0.99574894 0.99574894 0.99524881 0.99499875 0.99574894 0.99549887
  0.995999   0.99499875 0.99499875 0.99474869]
 [0.99574894 0.99574894 0.99524881 0.99624906 0.99574894 0.99549887
  0.99449862 0.99549887 0.99524881 0.99474869]
 [0.99574894 0.99574894 0.99524881 0.99624906 0.99574894 0.99574894
  0.995999   0.99499875 0.99524881 0.99474869]
 [0.99574894 0.99574894 0.99549887 0.99624906 0.995999   0.99474869
  0.995999   0.99549887 0.99474869 0.99474869]
 [0.99449862 0.99424856 0.99524881 0.99624906 0.995999   0.99549887
  0.995999   0.99549887 0.99549887 0.99449862]]

[[0.678 0.705 0.652 0.681 0.661 0.698 0.675 0.665 0.644 0.62 ]
 [0.981 0.972 0.986 0.976 0.979 0.981 0.975 0.984 0.979 0.984]
 [0.984 0.977 0.984 0.984 0.975 0.98  0.98  0.987 0.986 0.984]
 [0.986 0.98  0.988 0.979 0.979 0.979 0.98  0.983 0.984 0.986]
 [0.986 0.984 0.987 0.982 0.98  0.981 0.98  0.987 0.984 0.987]
 [0.986 0.983 0.987 0.983 0.98  0.988 0.976 0.983 0.986 0.985]]