loc/ANN3

[0.01 0.12 0.23 0.34 0.45 0.56 0.67 0.78 0.89 1.  ]

[[0.99449862 0.99549887 0.99449862 0.995999   0.99499875 0.99374844
  0.99574894 0.99549887 0.98649662 0.98624656]
 [0.99449862 0.99474869 0.9939985  0.9939985  0.99574894 0.99374844
  0.99524881 0.9939985  0.99499875 0.9939985 ]
 [0.99174794 0.99474869 0.99349837 0.99299825 0.99574894 0.99174794
  0.99374844 0.99349837 0.99424856 0.99299825]
 [0.99224806 0.9939985  0.99224806 0.99249812 0.99499875 0.99299825
  0.99424856 0.99299825 0.9939985  0.99274819]
 [0.99249812 0.99349837 0.991998   0.99274819 0.99499875 0.991998
  0.9939985  0.99324831 0.99274819 0.99099775]
 [0.99224806 0.99349837 0.99074769 0.99174794 0.98924731 0.99249812
  0.99274819 0.99249812 0.99174794 0.99049762]
 [0.99149787 0.99299825 0.9899975  0.99124781 0.98874719 0.99174794
  0.99149787 0.99149787 0.99124781 0.9899975 ]
 [0.99074769 0.99249812 0.98924731 0.99174794 0.987997   0.99149787
  0.99099775 0.99249812 0.9899975  0.98849712]
 [0.98949737 0.99174794 0.98849712 0.99124781 0.99024756 0.99149787
  0.98924731 0.99099775 0.98849712 0.98849712]
 [0.98924731 0.99024756 0.98774694 0.98924731 0.98674669 0.99124781
  0.98899725 0.99024756 0.987997   0.98749687]]

[[0.97  0.968 0.963 0.959 0.965 0.956 0.955 0.965 0.96  0.964]
 [0.97  0.97  0.971 0.964 0.959 0.969 0.959 0.968 0.97  0.979]
 [0.971 0.975 0.973 0.969 0.966 0.969 0.962 0.97  0.971 0.976]
 [0.968 0.974 0.974 0.974 0.964 0.975 0.959 0.975 0.971 0.978]
 [0.974 0.971 0.973 0.978 0.964 0.967 0.969 0.975 0.973 0.976]
 [0.974 0.974 0.97  0.98  0.966 0.964 0.968 0.976 0.971 0.976]
 [0.972 0.973 0.969 0.979 0.964 0.966 0.967 0.978 0.973 0.974]
 [0.975 0.971 0.971 0.979 0.965 0.967 0.966 0.978 0.973 0.975]
 [0.975 0.97  0.971 0.976 0.966 0.969 0.966 0.979 0.97  0.977]
 [0.975 0.975 0.973 0.978 0.966 0.969 0.969 0.979 0.969 0.972]]