loc/BoostDT1

[  39  479  919 1359 1799 2239 2679 3119 3559 3999]

[[0.23076923 0.38461538 0.38461538 0.25641026 0.23076923 0.30769231
  0.23076923 0.23076923 0.30769231 0.33333333]
 [0.84968685 0.82254697 0.76826722 0.84759916 0.84133612 0.8559499
  0.83298539 0.85177453 0.85803758 0.86221294]
 [0.86507073 0.92165397 0.92491839 0.89553863 0.91294886 0.89989119
  0.94668118 0.92165397 0.9390642  0.92600653]
 [0.95658572 0.97939662 0.95069904 0.9602649  0.94628403 0.95364238
  0.95658572 0.92347314 0.95952907 0.9455482 ]
 [0.97387437 0.9688716  0.97387437 0.96831573 0.95719844 0.96164536
  0.99332963 0.92329072 0.96942746 0.93385214]
 [0.98124163 0.96025011 0.98392139 0.96784279 0.97141581 0.96114337
  0.98436802 0.94417151 0.97990174 0.97722197]
 [0.98170959 0.97088466 0.97797686 0.97984323 0.96005972 0.97797686
  0.99029489 0.94587533 0.97760358 0.97013811]
 [0.97819814 0.9650529  0.98525168 0.98076307 0.98268676 0.98236614
  0.97723629 0.98621353 0.98845784 0.97467137]
 [0.98033155 0.98173644 0.98005058 0.97555493 0.96403484 0.98510818
  0.98623209 0.97695982 0.98932284 0.98033155]
 [0.98174544 0.9859965  0.9739935  0.98274569 0.97624406 0.97724431
  0.97824456 0.98074519 0.98074519 0.98574644]]

[[0.307 0.332 0.318 0.288 0.17  0.328 0.313 0.309 0.323 0.298]
 [0.767 0.739 0.74  0.778 0.741 0.762 0.775 0.799 0.79  0.765]
 [0.844 0.852 0.893 0.85  0.85  0.847 0.861 0.852 0.882 0.882]
 [0.926 0.906 0.923 0.916 0.876 0.909 0.886 0.854 0.919 0.9  ]
 [0.923 0.93  0.949 0.92  0.902 0.933 0.936 0.862 0.925 0.884]
 [0.963 0.92  0.963 0.928 0.925 0.928 0.939 0.914 0.955 0.94 ]
 [0.95  0.928 0.947 0.946 0.927 0.95  0.953 0.918 0.936 0.953]
 [0.96  0.951 0.964 0.945 0.948 0.951 0.95  0.94  0.969 0.95 ]
 [0.952 0.956 0.962 0.935 0.936 0.953 0.959 0.927 0.973 0.952]
 [0.963 0.945 0.96  0.947 0.944 0.961 0.941 0.964 0.967 0.964]]