loc/BoostDT4

[0.01 0.12 0.23 0.34 0.45 0.56 0.67 0.78 0.89 1.  ]

[[0.91747937 0.93873468 0.94173543 0.92423106 0.92823206 0.92848212
  0.96024006 0.93373343 0.9539885  0.93823456]
 [0.99174794 0.99374844 0.99149787 0.99524881 0.99249812 0.99249812
  0.99099775 0.99224806 0.9939985  0.99124781]
 [0.99174794 0.99424856 0.99349837 0.99449862 0.99349837 0.9939985
  0.99499875 0.99474869 0.99574894 0.99349837]
 [0.9939985  0.995999   0.99374844 0.9939985  0.99449862 0.99449862
  0.99449862 0.991998   0.9939985  0.99374844]
 [0.99299825 0.99324831 0.99424856 0.99574894 0.99524881 0.99499875
  0.99174794 0.99349837 0.99124781 0.99249812]
 [0.991998   0.99274819 0.98824706 0.99224806 0.99374844 0.99099775
  0.99324831 0.99249812 0.995999   0.98949737]
 [0.99074769 0.98624656 0.98899725 0.983996   0.98649662 0.99224806
  0.99224806 0.98224556 0.9859965  0.98499625]
 [0.98949737 0.98949737 0.99049762 0.97549387 0.97549387 0.98274569
  0.98849712 0.98449612 0.98724681 0.983996  ]
 [0.97699425 0.98499625 0.98099525 0.98224556 0.98124531 0.98949737
  0.98324581 0.99074769 0.97774444 0.97974494]
 [0.98674669 0.98549637 0.97674419 0.97474369 0.97274319 0.979995
  0.98124531 0.98324581 0.98474619 0.98249562]]

[[0.889 0.924 0.918 0.889 0.898 0.904 0.934 0.91  0.932 0.932]
 [0.976 0.978 0.976 0.976 0.972 0.976 0.967 0.98  0.973 0.98 ]
 [0.983 0.973 0.978 0.973 0.961 0.978 0.966 0.974 0.979 0.983]
 [0.982 0.972 0.977 0.975 0.97  0.974 0.959 0.981 0.981 0.982]
 [0.978 0.965 0.971 0.971 0.968 0.986 0.962 0.978 0.973 0.975]
 [0.973 0.962 0.973 0.969 0.967 0.97  0.958 0.975 0.971 0.97 ]
 [0.97  0.961 0.974 0.956 0.955 0.96  0.964 0.961 0.96  0.969]
 [0.967 0.963 0.972 0.945 0.942 0.969 0.953 0.968 0.969 0.972]
 [0.965 0.958 0.972 0.958 0.947 0.969 0.941 0.981 0.952 0.961]
 [0.975 0.958 0.964 0.948 0.934 0.971 0.946 0.963 0.965 0.961]]