loc/BoostDT2

[1, 6, 11, 16, 21, 26, 31, 36, 41, 46]

[[0.995999   0.99649912 0.995999   0.99624906 0.99649912 0.99624906
  0.99674919 0.99624906 0.995999   0.99549887]
 [0.995999   0.99649912 0.995999   0.99624906 0.99174794 0.99624906
  0.99674919 0.995999   0.995999   0.99524881]
 [0.99499875 0.99474869 0.99524881 0.98874719 0.99024756 0.99524881
  0.995999   0.99424856 0.99549887 0.99474869]
 [0.99374844 0.9939985  0.99074769 0.99149787 0.98374594 0.99424856
  0.99024756 0.98849712 0.99149787 0.98899725]
 [0.98274569 0.98324581 0.98574644 0.9699925  0.96624156 0.98974744
  0.98374594 0.98974744 0.98899725 0.97774444]
 [0.98499625 0.97624406 0.96124031 0.97924481 0.97724431 0.98774694
  0.97624406 0.98474619 0.9699925  0.96724181]
 [0.97949487 0.96699175 0.975994   0.96624156 0.96524131 0.97324331
  0.97349337 0.96899225 0.97624406 0.95773943]
 [0.96574144 0.96624156 0.95323831 0.96649162 0.9379845  0.97924481
  0.95673918 0.96724181 0.96224056 0.97074269]
 [0.94898725 0.97099275 0.96574144 0.94323581 0.95523881 0.95548887
  0.94648662 0.95473868 0.95923981 0.97299325]
 [0.9579895  0.94923731 0.94923731 0.94973743 0.93648412 0.9659915
  0.93898475 0.94823706 0.95248812 0.96524131]]

[[0.965 0.951 0.965 0.954 0.97  0.968 0.964 0.953 0.965 0.975]
 [0.976 0.976 0.98  0.971 0.954 0.983 0.965 0.977 0.977 0.98 ]
 [0.981 0.974 0.976 0.953 0.957 0.979 0.964 0.963 0.98  0.979]
 [0.975 0.968 0.967 0.964 0.96  0.974 0.954 0.958 0.973 0.963]
 [0.951 0.96  0.974 0.941 0.938 0.966 0.948 0.962 0.971 0.952]
 [0.964 0.961 0.946 0.949 0.948 0.964 0.941 0.954 0.956 0.948]
 [0.965 0.947 0.954 0.935 0.929 0.942 0.932 0.948 0.969 0.935]
 [0.953 0.938 0.931 0.939 0.896 0.963 0.933 0.94  0.932 0.96 ]
 [0.934 0.946 0.942 0.917 0.926 0.935 0.922 0.93  0.94  0.955]
 [0.942 0.932 0.931 0.924 0.904 0.945 0.895 0.93  0.933 0.949]]