loc/BoostDT3

[1, 11, 21, 31, 41, 51, 61, 71, 81, 91]

[[0.89622406 0.89697424 0.89497374 0.90097524 0.91997999 0.89672418
  0.89797449 0.89672418 0.90422606 0.89522381]
 [0.9939985  0.99499875 0.99124781 0.9819955  0.99074769 0.99574894
  0.99149787 0.99524881 0.99374844 0.99124781]
 [0.99574894 0.99549887 0.99474869 0.99424856 0.99449862 0.99624906
  0.9939985  0.995999   0.99499875 0.99424856]
 [0.99524881 0.99649912 0.99549887 0.9939985  0.99524881 0.99624906
  0.99649912 0.99624906 0.995999   0.99549887]
 [0.995999   0.99649912 0.99524881 0.99299825 0.99624906 0.99624906
  0.995999   0.99624906 0.995999   0.99449862]
 [0.995999   0.99649912 0.99549887 0.99524881 0.99524881 0.99624906
  0.99649912 0.99624906 0.995999   0.99524881]
 [0.995999   0.99649912 0.99574894 0.99499875 0.995999   0.99624906
  0.99674919 0.99624906 0.995999   0.99549887]
 [0.995999   0.99649912 0.99499875 0.99549887 0.99549887 0.99624906
  0.99624906 0.99624906 0.995999   0.99499875]
 [0.995999   0.99649912 0.995999   0.99574894 0.99549887 0.99624906
  0.99674919 0.99624906 0.995999   0.99549887]
 [0.995999   0.99649912 0.99574894 0.99574894 0.995999   0.99624906
  0.99649912 0.99624906 0.995999   0.99499875]]

[[0.876 0.888 0.885 0.882 0.892 0.871 0.884 0.874 0.901 0.895]
 [0.98  0.974 0.975 0.953 0.965 0.989 0.968 0.977 0.98  0.978]
 [0.982 0.98  0.983 0.978 0.968 0.987 0.972 0.977 0.992 0.981]
 [0.991 0.986 0.985 0.968 0.966 0.99  0.977 0.983 0.989 0.989]
 [0.991 0.984 0.986 0.978 0.978 0.989 0.987 0.986 0.991 0.994]
 [0.995 0.984 0.99  0.972 0.975 0.992 0.982 0.984 0.993 0.987]
 [0.988 0.988 0.991 0.982 0.974 0.991 0.982 0.986 0.993 0.993]
 [0.994 0.989 0.991 0.97  0.978 0.989 0.983 0.987 0.994 0.994]
 [0.991 0.988 0.988 0.977 0.972 0.991 0.983 0.988 0.99  0.995]
 [0.99  0.986 0.992 0.979 0.979 0.992 0.986 0.99  0.995 0.993]]