loc/DT3

[1, 6, 11, 16, 21, 26, 31, 36, 41, 46]

[[0.41610403 0.41085271 0.41235309 0.4196049  0.4176044  0.41335334
  0.41685421 0.42310578 0.41635409 0.41835459]
 [0.81345336 0.80895224 0.80220055 0.80770193 0.81570393 0.81595399
  0.8012003  0.80545136 0.80070018 0.80495124]
 [0.88772193 0.88972243 0.89172293 0.89297324 0.91022756 0.89472368
  0.89647412 0.88797199 0.90097524 0.89047262]
 [0.89622406 0.89697424 0.89497374 0.90097524 0.91997999 0.89672418
  0.89797449 0.89672418 0.90422606 0.89522381]
 [0.89622406 0.89697424 0.89497374 0.90097524 0.91997999 0.89672418
  0.89797449 0.89672418 0.90422606 0.89522381]
 [0.89622406 0.89322331 0.89497374 0.90097524 0.91997999 0.89672418
  0.89797449 0.89672418 0.90422606 0.89522381]
 [0.89622406 0.89322331 0.89497374 0.90097524 0.91997999 0.89672418
  0.89797449 0.89672418 0.90422606 0.89522381]
 [0.89622406 0.89697424 0.89497374 0.90097524 0.91997999 0.89672418
  0.89797449 0.89672418 0.90422606 0.89522381]
 [0.89622406 0.89322331 0.89497374 0.90097524 0.91997999 0.89672418
  0.89797449 0.89672418 0.90422606 0.89522381]
 [0.89622406 0.89322331 0.89497374 0.90097524 0.91997999 0.89672418
  0.89797449 0.89672418 0.90422606 0.89522381]]

[[0.422 0.443 0.437 0.408 0.416 0.433 0.419 0.394 0.421 0.413]
 [0.803 0.813 0.807 0.786 0.79  0.786 0.805 0.783 0.802 0.804]
 [0.871 0.881 0.882 0.875 0.884 0.867 0.877 0.864 0.9   0.898]
 [0.876 0.888 0.885 0.882 0.893 0.871 0.883 0.875 0.9   0.895]
 [0.876 0.888 0.885 0.882 0.892 0.871 0.883 0.875 0.901 0.895]
 [0.876 0.887 0.885 0.882 0.892 0.87  0.883 0.875 0.901 0.895]
 [0.876 0.887 0.885 0.882 0.892 0.87  0.884 0.874 0.9   0.895]
 [0.876 0.888 0.885 0.882 0.891 0.871 0.883 0.874 0.901 0.895]
 [0.876 0.887 0.885 0.882 0.892 0.87  0.884 0.875 0.901 0.895]
 [0.876 0.887 0.885 0.882 0.891 0.871 0.884 0.875 0.901 0.895]]