loc/KNN1

[  39  479  919 1359 1799 2239 2679 3119 3559 3999]

[[0.74358974 0.61538462 0.84615385 0.71794872 0.71794872 0.66666667
  0.79487179 0.69230769 0.74358974 0.58974359]
 [0.92275574 0.92066806 0.91440501 0.92484342 0.93110647 0.93528184
  0.92275574 0.92275574 0.92066806 0.9394572 ]
 [0.94776931 0.94668118 0.94559304 0.95321001 0.94015234 0.94668118
  0.94559304 0.94885745 0.95103373 0.95538629]
 [0.95658572 0.95364238 0.95952907 0.95879323 0.95364238 0.95364238
  0.96173657 0.96541575 0.96100074 0.96173657]
 [0.96553641 0.96331295 0.96220122 0.96664814 0.96275709 0.96164536
  0.96609227 0.96831573 0.96498054 0.967204  ]
 [0.96828941 0.96873604 0.96784279 0.9665029  0.96828941 0.96873604
  0.97320232 0.97052255 0.96873604 0.97364895]
 [0.97051138 0.97349757 0.97163121 0.96827174 0.97349757 0.97275103
  0.97573722 0.97275103 0.97125793 0.97536394]
 [0.97338891 0.97435075 0.9753126  0.96954152 0.97435075 0.97563322
  0.97851876 0.97659506 0.97146521 0.97723629]
 [0.97499298 0.97583591 0.97780275 0.97527395 0.97836471 0.97555493
  0.97808373 0.97948862 0.97583591 0.97780275]
 [0.97749437 0.97774444 0.97924481 0.97824456 0.9779945  0.97924481
  0.98049512 0.97949487 0.9779945  0.97824456]]

[[0.625 0.469 0.66  0.548 0.538 0.544 0.671 0.499 0.614 0.441]
 [0.885 0.872 0.88  0.871 0.874 0.879 0.873 0.875 0.869 0.862]
 [0.912 0.903 0.924 0.91  0.895 0.917 0.916 0.905 0.917 0.919]
 [0.926 0.922 0.943 0.927 0.917 0.936 0.931 0.922 0.936 0.942]
 [0.939 0.935 0.948 0.937 0.933 0.937 0.941 0.939 0.953 0.949]
 [0.948 0.94  0.955 0.943 0.944 0.939 0.947 0.949 0.954 0.951]
 [0.954 0.946 0.95  0.952 0.948 0.948 0.955 0.948 0.951 0.952]
 [0.961 0.954 0.954 0.957 0.95  0.958 0.955 0.955 0.961 0.959]
 [0.967 0.957 0.96  0.958 0.954 0.965 0.958 0.961 0.967 0.958]
 [0.968 0.96  0.966 0.964 0.961 0.969 0.963 0.962 0.967 0.966]]