loc/KNN2

[1, 6, 11, 16, 21, 26, 31, 36, 41, 46]

[[0.995999   0.99499875 0.995999   0.99499875 0.99649912 0.99549887
  0.99674919 0.99574894 0.995999   0.99549887]
 [0.97474369 0.97374344 0.97774444 0.9739935  0.97549387 0.97624406
  0.97774444 0.97774444 0.97499375 0.97749437]
 [0.95948987 0.95723931 0.95973993 0.96124031 0.96299075 0.95973993
  0.96424106 0.96174044 0.96099025 0.96024006]
 [0.94848712 0.94873718 0.94848712 0.95023756 0.95173793 0.94873718
  0.95023756 0.95048762 0.94848712 0.9499875 ]
 [0.94223556 0.94048512 0.94098525 0.94523631 0.94523631 0.93923481
  0.94048512 0.94298575 0.9419855  0.94173543]
 [0.93523381 0.93223306 0.93223306 0.93623406 0.93273318 0.93048262
  0.93523381 0.93948487 0.92948237 0.93048262]
 [0.92848212 0.92823206 0.92648162 0.93073268 0.92823206 0.92223056
  0.92973243 0.931983   0.92423106 0.92373093]
 [0.92273068 0.9219805  0.91797949 0.92173043 0.92298075 0.91722931
  0.92148037 0.923981   0.91872968 0.91747937]
 [0.91647912 0.91497874 0.91397849 0.91572893 0.91497874 0.91247812
  0.91647912 0.91797949 0.91172793 0.91147787]
 [0.90797699 0.90822706 0.90922731 0.91047762 0.90722681 0.90672668
  0.90797699 0.91622906 0.90672668 0.90397599]]

[[0.978 0.981 0.988 0.975 0.974 0.979 0.983 0.98  0.984 0.989]
 [0.962 0.959 0.963 0.962 0.954 0.965 0.962 0.955 0.968 0.957]
 [0.94  0.94  0.951 0.945 0.938 0.953 0.945 0.948 0.951 0.949]
 [0.932 0.934 0.94  0.94  0.927 0.943 0.94  0.934 0.941 0.94 ]
 [0.925 0.918 0.935 0.931 0.924 0.934 0.925 0.917 0.937 0.938]
 [0.918 0.911 0.932 0.921 0.902 0.926 0.918 0.91  0.925 0.927]
 [0.913 0.902 0.928 0.911 0.894 0.925 0.913 0.904 0.917 0.925]
 [0.907 0.903 0.922 0.907 0.885 0.918 0.91  0.898 0.908 0.916]
 [0.903 0.898 0.913 0.901 0.884 0.914 0.904 0.894 0.899 0.908]
 [0.9   0.889 0.914 0.892 0.878 0.909 0.897 0.895 0.894 0.904]]