loc/KNN3

['auto', 'ball_tree', 'kd_tree', 'brute']

[[0.97749437 0.97774444 0.97924481 0.97824456 0.9779945  0.97924481
  0.98049512 0.97949487 0.9779945  0.97824456]
 [0.97774444 0.97824456 0.97899475 0.97824456 0.9779945  0.97924481
  0.98049512 0.979995   0.9779945  0.97849462]
 [0.97749437 0.97774444 0.97924481 0.97824456 0.9779945  0.97924481
  0.98049512 0.97949487 0.9779945  0.97824456]
 [0.98049512 0.979995   0.97899475 0.98099525 0.97974494 0.98049512
  0.98224556 0.9819955  0.97824456 0.98049512]]

[[0.968 0.96  0.966 0.964 0.961 0.969 0.963 0.962 0.967 0.966]
 [0.968 0.96  0.966 0.963 0.961 0.969 0.963 0.963 0.967 0.966]
 [0.968 0.96  0.966 0.964 0.961 0.969 0.963 0.962 0.967 0.966]
 [0.968 0.958 0.966 0.963 0.959 0.969 0.963 0.963 0.966 0.963]]