loc/SVM1

[  39  479  919 1359 1799 2239 2679 3119 3559 3999]

[[0.74358974 0.64102564 0.79487179 0.56410256 0.58974359 0.71794872
  0.79487179 0.79487179 0.74358974 0.74358974]
 [0.90814196 0.91440501 0.92901879 0.90605428 0.90187891 0.91022965
  0.94989562 0.91231733 0.89561587 0.93528184]
 [0.9336235  0.94341676 0.95865071 0.95756257 0.93144723 0.93144723
  0.94885745 0.9390642  0.94559304 0.94232862]
 [0.95732156 0.95658572 0.95952907 0.96615158 0.94481236 0.95584989
  0.96615158 0.96762325 0.96173657 0.95143488]
 [0.96609227 0.97276265 0.96998332 0.967204   0.9594219  0.96831573
  0.97276265 0.97109505 0.96998332 0.96831573]
 [0.97141581 0.97632872 0.97588209 0.96873604 0.9696293  0.9696293
  0.97811523 0.97498883 0.97498883 0.97677535]
 [0.97499067 0.97573722 0.97536394 0.97237775 0.97461739 0.97088466
  0.97648376 0.97461739 0.97835013 0.97723031]
 [0.97659506 0.97659506 0.97691568 0.97370952 0.97563322 0.97306829
  0.9794806  0.97819814 0.97755691 0.9794806 ]
 [0.97780275 0.97667884 0.97864569 0.97780275 0.97836471 0.97611689
  0.98033155 0.97808373 0.97864569 0.97836471]
 [0.97774444 0.97949487 0.979995   0.98049512 0.98024506 0.97674419
  0.98074519 0.98024506 0.97874469 0.97899475]]

[[0.537 0.487 0.556 0.462 0.523 0.571 0.655 0.59  0.449 0.538]
 [0.873 0.873 0.888 0.856 0.823 0.884 0.86  0.853 0.877 0.857]
 [0.903 0.911 0.93  0.907 0.891 0.921 0.895 0.915 0.919 0.912]
 [0.923 0.93  0.941 0.931 0.904 0.95  0.92  0.94  0.938 0.94 ]
 [0.942 0.948 0.951 0.94  0.922 0.955 0.937 0.949 0.948 0.95 ]
 [0.951 0.958 0.958 0.946 0.946 0.957 0.947 0.955 0.954 0.953]
 [0.96  0.96  0.961 0.957 0.951 0.96  0.951 0.961 0.956 0.963]
 [0.965 0.966 0.964 0.963 0.96  0.966 0.956 0.969 0.961 0.965]
 [0.97  0.968 0.968 0.961 0.965 0.966 0.958 0.971 0.966 0.968]
 [0.97  0.975 0.97  0.967 0.967 0.972 0.964 0.975 0.966 0.972]]