loc/SVM2

[ 0.01  1.12  2.23  3.34  4.45  5.56  6.67  7.78  8.89 10.  ]

[[0.51012753 0.49912478 0.50362591 0.50762691 0.51337834 0.50712678
  0.50512628 0.51587897 0.50387597 0.51287822]
 [0.98024506 0.98149537 0.98074519 0.98049512 0.98124531 0.97774444
  0.98149537 0.98049512 0.97974494 0.98149537]
 [0.98624656 0.98724681 0.98549637 0.98549637 0.98774694 0.98699675
  0.987997   0.98624656 0.98674669 0.98749687]
 [0.98824706 0.99049762 0.98899725 0.98924731 0.99074769 0.98949737
  0.99049762 0.98924731 0.98924731 0.98874719]
 [0.98974744 0.99124781 0.99049762 0.9899975  0.99149787 0.99124781
  0.99249812 0.99024756 0.99024756 0.98974744]
 [0.99099775 0.991998   0.99149787 0.99149787 0.99274819 0.99224806
  0.99374844 0.99124781 0.99149787 0.99099775]
 [0.99249812 0.99299825 0.991998   0.99224806 0.9939985  0.99374844
  0.99449862 0.991998   0.99224806 0.99149787]
 [0.99274819 0.99299825 0.99224806 0.99299825 0.99449862 0.99374844
  0.99474869 0.99274819 0.99274819 0.99174794]
 [0.99299825 0.99349837 0.99274819 0.99374844 0.99474869 0.99424856
  0.99474869 0.99299825 0.99299825 0.99249812]
 [0.99299825 0.99374844 0.99299825 0.99374844 0.99474869 0.99449862
  0.99499875 0.99349837 0.9939985  0.99299825]]

[[0.51  0.536 0.532 0.503 0.497 0.518 0.508 0.483 0.532 0.505]
 [0.971 0.975 0.969 0.969 0.969 0.974 0.968 0.977 0.969 0.974]
 [0.973 0.976 0.977 0.975 0.974 0.977 0.969 0.982 0.974 0.977]
 [0.977 0.976 0.978 0.977 0.973 0.978 0.974 0.984 0.976 0.981]
 [0.978 0.976 0.981 0.977 0.974 0.978 0.973 0.986 0.978 0.983]
 [0.979 0.978 0.98  0.976 0.974 0.978 0.973 0.985 0.981 0.983]
 [0.982 0.98  0.981 0.975 0.975 0.978 0.974 0.983 0.982 0.985]
 [0.982 0.98  0.981 0.977 0.974 0.978 0.975 0.983 0.982 0.985]
 [0.984 0.98  0.981 0.977 0.975 0.978 0.975 0.983 0.98  0.986]
 [0.985 0.979 0.983 0.977 0.974 0.978 0.977 0.984 0.981 0.987]]