loc/SVM3

['linear', 'poly', 'rbf', 'sigmoid']

[[0.98974744 0.99224806 0.99124781 0.991998   0.99124781 0.99174794
  0.99299825 0.99124781 0.99099775 0.99124781]
 [0.63715929 0.63740935 0.63890973 0.63915979 0.64591148 0.64591148
  0.64316079 0.63890973 0.63365841 0.64591148]
 [0.97774444 0.97949487 0.979995   0.98049512 0.98024506 0.97674419
  0.98074519 0.98024506 0.97874469 0.97899475]
 [0.951988   0.9499875  0.94923731 0.95173793 0.95373843 0.95023756
  0.95098775 0.95123781 0.95098775 0.95448862]]

[[0.964 0.963 0.967 0.967 0.962 0.966 0.959 0.963 0.965 0.971]
 [0.626 0.666 0.638 0.642 0.611 0.637 0.632 0.615 0.672 0.61 ]
 [0.97  0.975 0.97  0.967 0.967 0.972 0.964 0.975 0.966 0.972]
 [0.945 0.954 0.958 0.947 0.942 0.957 0.938 0.947 0.946 0.945]]