scores_train_learning_ANN1;0.766666667;0.784722222;0.785185185;0.788194444;0.785555556;0.780555556;0.776190476;0.777083333;0.773765432;0.660833333;0.725000000;0.777314815;0.744658120;0.221031746;0.744444444;0.746354167;0.779411765;0.778395062;0.730701754;0.746111111;0.224074074;0.775883838;0.771014493;0.745370370;0.775555556;0.774038462;0.769650206;0.744841270;0.774808429;0.770648148;0.775089606;0.775173611;0.775168350;0.775408497;0.775317460;0.775231481;0.770945946;0.775000000;0.775284900;0.774722222;0.775203252;0.729100529;0.270090439;0.776073232;0.774567901;0.772946860;0.771631206;0.770196759;0.766439909;0.233833333
scores_test_learning_ANN1;0.766829687;0.784777156;0.785194871;0.788208343;0.785562620;0.780560358;0.776193951;0.777084665;0.779014474;0.747763934;0.763383838;0.704029230;0.688150766;0.722563828;0.544341905;0.712493527;0.709150327;0.691944685;0.716732096;0.640695102;0.714741259;0.746362052;0.650655209;0.773266921;0.662111111;0.764310948;0.717537572;0.575366828;0.717955091;0.667218842;0.709139785;0.718923611;0.602908221;0.660048522;0.774603209;0.715312554;0.593140155;0.754385542;0.716063595;0.703263990;0.705653300;0.605820106;0.665762468;0.606064452;0.774259491;0.710748792;0.762944977;0.715335666;0.715873016;0.713055556
scores_train_learning_ANN2;0.781954887;0.764044944;0.738154613;0.696629213;0.690119760;0.689526185;0.703743316;0.696913003;0.700748130;0.706806283;0.696598639;0.685162095;0.680667434;0.680919294;0.686284289;0.702664797;0.700264085;0.709060682;0.702755906;0.704188482;0.705735661;0.717783067;0.721626016;0.725997506;0.730700180;0.733889528;0.735383763;0.740048090;0.741810678;0.741959611;0.743001931;0.744740533;0.748413418;0.750715072;0.754434708;0.757947226;0.759603720;0.758661417;0.761028002;0.761593119;0.762452107;0.759216385;0.759610367;0.758075485;0.758144947;0.755121951;0.752188445;0.752844008;0.751946268;0.754824233
scores_test_learning_ANN2;0.787637363;0.732336182;0.723780488;0.677918175;0.693907468;0.675762195;0.691747161;0.684589889;0.690885073;0.699412087;0.684395928;0.672005406;0.665195706;0.663215811;0.673320896;0.686336712;0.696388021;0.697101440;0.697370092;0.696022622;0.701497819;0.710719077;0.715821312;0.722314445;0.724176069;0.725324622;0.726576877;0.731340339;0.735213089;0.736073234;0.739228682;0.740390263;0.743236269;0.748798282;0.749626862;0.752827265;0.752975095;0.752788230;0.756097262;0.758282134;0.759418520;0.754791621;0.755998407;0.754018976;0.753549109;0.749800483;0.749178388;0.746796579;0.746935270;0.750982617
scores_selection_ANN1;0.769444444;0.769444444;0.769444444;0.769444444;0.713055556;0.769444444;0.769444444;0.657555556;0.769444444;0.769444444
scores_selection_ANN2;0.749187330;0.746641080;0.746342346;0.748888822;0.750982617;0.750085979;0.746046076;0.747992185;0.746791225;0.749037629
n1;30000
n2;11142
train_n1;18000
train_n2;6685
optimal_nodes_1;1.000000000
optimal_nodes_2;5.000000000
scores_train_ANN1;0.769444444
scores_test_ANN1;0.792833333
scores_train_ANN2;0.752131638
scores_test_ANN2;0.519407673
elasped_time_1;2.142791033
elasped_time_2;2.494105101