[  28   87  145  204  262  321  379  437  496  554  613  671  730  788  846
  905  963 1022 1080 1139 1197 1255 1314 1372 1431 1489 1548 1606 1664 1723
 1781 1840 1898 1957 2015 2073 2132 2190 2249 2307 2366 2424 2482 2541 2599
 2658 2716 2775 2833 2892]

[[ 0.82142857  0.60714286  0.75        0.75        0.64285714  0.67857143
   0.89285714  0.82142857  0.78571429  0.57142857]
 [ 0.86206897  0.59770115  0.87356322  0.81609195  0.94252874  0.79310345
   0.77011494  0.83908046  0.85057471  0.64367816]
 [ 0.84827586  0.91034483  0.89655172  0.88275862  0.93793103  0.80689655
   0.84827586  0.68275862  0.75172414  0.60689655]
 [ 0.85294118  0.8872549   0.87745098  0.86764706  0.92647059  0.8872549
   0.88235294  0.8627451   0.83333333  0.64215686]
 [ 0.85877863  0.90076336  0.88167939  0.85877863  0.91603053  0.88167939
   0.88931298  0.87022901  0.88931298  0.8740458 ]
 [ 0.86915888  0.91277259  0.8847352   0.86915888  0.91900312  0.88785047
   0.89096573  0.86604361  0.87850467  0.86915888]
 [ 0.87335092  0.90765172  0.88918206  0.86807388  0.93139842  0.89709763
   0.89182058  0.87598945  0.8944591   0.86543536]
 [ 0.87871854  0.90617849  0.89473684  0.88558352  0.90389016  0.88329519
   0.88787185  0.89016018  0.90160183  0.87643021]
 [ 0.88709677  0.89919355  0.89919355  0.87701613  0.91330645  0.91129032
   0.87903226  0.89717742  0.90927419  0.88104839]
 [ 0.88267148  0.90433213  0.89891697  0.88267148  0.9133574   0.90974729
   0.87725632  0.89530686  0.90433213  0.87725632]
 [ 0.862969    0.89885808  0.9004894   0.8858075   0.89722675  0.89396411
   0.8776509   0.86949429  0.8858075   0.87928222]
 [ 0.88673621  0.89865872  0.89716841  0.89269747  0.90163934  0.90909091
   0.87928465  0.89865872  0.89567809  0.88226528]
 [ 0.88630137  0.90273973  0.89452055  0.89452055  0.90273973  0.90410959
   0.88493151  0.89863014  0.8890411   0.88493151]
 [ 0.8819797   0.90228426  0.89720812  0.89340102  0.90228426  0.89720812
   0.88832487  0.89720812  0.87690355  0.88324873]
 [ 0.87470449  0.90189125  0.89834515  0.88888889  0.89952719  0.90898345
   0.88534279  0.89952719  0.87825059  0.88179669]
 [ 0.87403315  0.89723757  0.89502762  0.89060773  0.89060773  0.90165746
   0.88950276  0.89392265  0.87403315  0.88729282]
 [ 0.87538941  0.89823468  0.89511942  0.88992731  0.90446521  0.90238837
   0.88681205  0.89719626  0.87435099  0.88577362]
 [ 0.88062622  0.89530333  0.89138943  0.89432485  0.90606654  0.8962818
   0.8816047   0.90313112  0.87181996  0.88454012]
 [ 0.88055556  0.89907407  0.89537037  0.89166667  0.90648148  0.89444444
   0.88981481  0.9         0.87037037  0.88703704]
 [ 0.8762072   0.89903424  0.8928885   0.89376646  0.90869183  0.89376646
   0.88937665  0.90166813  0.87006146  0.88674276]
 [ 0.87969925  0.9005848   0.893066    0.89473684  0.90810359  0.89139515
   0.89139515  0.90559733  0.87218045  0.88638262]
 [ 0.88047809  0.90119522  0.89003984  0.8940239   0.9059761   0.89243028
   0.89561753  0.90119522  0.8749004   0.8876494 ]
 [ 0.88203957  0.90258752  0.89117199  0.88964992  0.90106545  0.89269406
   0.89117199  0.90106545  0.87747336  0.88812785]
 [ 0.88338192  0.90306122  0.88921283  0.88994169  0.90087464  0.89358601
   0.89212828  0.9016035   0.87973761  0.88265306]
 [ 0.8839972   0.90216632  0.8895877   0.89098532  0.89867226  0.89028651
   0.88749126  0.89797345  0.88050314  0.8839972 ]
 [ 0.88314305  0.89724647  0.88918737  0.89120215  0.90060443  0.89388852
   0.88784419  0.90396239  0.87844191  0.88515782]
 [ 0.88565891  0.9005168   0.88953488  0.89470284  0.90374677  0.89470284
   0.88565891  0.89922481  0.87919897  0.88565891]
 [ 0.8879203   0.89539228  0.8879203   0.89476961  0.90410959  0.89476961
   0.88667497  0.89975093  0.88231631  0.88480697]
 [ 0.890625    0.8984375   0.890625    0.89663462  0.90084135  0.89423077
   0.88882212  0.90204327  0.88221154  0.88822115]
 [ 0.88856645  0.89843297  0.89204875  0.8972722   0.90191526  0.89611143
   0.89146837  0.90191526  0.88218224  0.88856645]
 [ 0.8888265   0.89949467  0.89275688  0.89444133  0.90230208  0.8921954
   0.89275688  0.90342504  0.88096575  0.88826502]
 [ 0.89021739  0.89728261  0.89076087  0.89402174  0.9         0.89130435
   0.89184783  0.90163043  0.88423913  0.88532609]
 [ 0.88830348  0.89620653  0.89199157  0.89304531  0.89884089  0.88883035
   0.89515279  0.89936776  0.88356164  0.88988409]
 [ 0.88860501  0.89473684  0.89013797  0.89422586  0.90035769  0.89115994
   0.89371487  0.89780276  0.88247317  0.89013797]
 [ 0.88784119  0.89379653  0.88883375  0.8942928   0.90024814  0.89081886
   0.89280397  0.89776675  0.87990074  0.88883375]
 [ 0.88712012  0.89580318  0.88953208  0.89435601  0.89821515  0.89290883
   0.89339122  0.8948384   0.8818138   0.88712012]
 [ 0.8869606   0.89587242  0.89071295  0.89212008  0.89821764  0.8935272
   0.89540338  0.89305816  0.88414634  0.88649156]
 [ 0.88721461  0.89406393  0.89041096  0.89406393  0.89863014  0.89406393
   0.89589041  0.89178082  0.88630137  0.88493151]
 [ 0.8879502   0.89284126  0.88750556  0.89461983  0.89728768  0.8932859
   0.8932859   0.89195198  0.88528235  0.88661627]
 [ 0.88859991  0.89293455  0.88599913  0.89120069  0.89813611  0.89336801
   0.89250108  0.88816645  0.88556567  0.88729952]
 [ 0.88588335  0.89222316  0.88799662  0.89391378  0.89898563  0.89391378
   0.89306847  0.88799662  0.88546069  0.88757396]
 [ 0.88655116  0.89232673  0.88655116  0.89232673  0.89810231  0.8890264
   0.89356436  0.88985149  0.88366337  0.88778878]
 [ 0.88517325  0.89161966  0.88436745  0.89202256  0.89967768  0.89000806
   0.89443997  0.89121676  0.88477035  0.88879936]
 [ 0.8858717   0.88941362  0.88547816  0.89177489  0.89689099  0.89374262
   0.8961039   0.89059425  0.88429752  0.88862652]
 [ 0.88687957  0.88841862  0.88572528  0.89111197  0.89880723  0.89226626
   0.89649865  0.89149673  0.88726433  0.88918815]
 [ 0.88788563  0.88863807  0.88863807  0.89127163  0.89917231  0.89014296
   0.89653875  0.8924003   0.88638074  0.88863807]
 [ 0.88807069  0.88807069  0.88659794  0.88991163  0.89874816  0.89027982
   0.89543446  0.89138439  0.88622975  0.88991163]
 [ 0.88864865  0.88864865  0.88684685  0.88792793  0.89693694  0.89153153
   0.8954955   0.89261261  0.88684685  0.88864865]
 [ 0.88810448  0.8898694   0.88633957  0.88881045  0.897988    0.89057536
   0.89057536  0.89057536  0.88810448  0.89057536]
 [ 0.88762102  0.89038728  0.88416321  0.88831259  0.89764869  0.8917704
   0.89419087  0.89142462  0.8879668   0.88934993]]

[[ 0.73895028  0.62430939  0.5980663   0.5441989   0.69198895  0.61878453
   0.73480663  0.70994475  0.61325967  0.6160221 ]
 [ 0.87983425  0.63535912  0.8480663   0.73480663  0.81906077  0.72375691
   0.70165746  0.7679558   0.74171271  0.60359116]
 [ 0.88535912  0.85497238  0.85497238  0.8660221   0.82458564  0.73756906
   0.83425414  0.66850829  0.73895028  0.61464088]
 [ 0.88674033  0.84530387  0.84254144  0.86878453  0.8218232   0.83701657
   0.85911602  0.85359116  0.86187845  0.67265193]
 [ 0.89226519  0.84944751  0.86464088  0.86325967  0.82596685  0.8480663
   0.84944751  0.85497238  0.85220994  0.85911602]
 [ 0.89226519  0.85220994  0.87707182  0.87292818  0.83701657  0.85635359
   0.85497238  0.86187845  0.85911602  0.86187845]
 [ 0.89226519  0.85082873  0.87983425  0.86878453  0.83287293  0.86325967
   0.8480663   0.86464088  0.85911602  0.86049724]
 [ 0.89502762  0.86464088  0.88674033  0.87016575  0.83563536  0.84254144
   0.85497238  0.86740331  0.85635359  0.8660221 ]
 [ 0.89502762  0.86464088  0.88535912  0.87707182  0.85220994  0.8660221
   0.86187845  0.87569061  0.85220994  0.87707182]
 [ 0.89502762  0.86740331  0.88259669  0.87292818  0.8480663   0.8660221
   0.87016575  0.87292818  0.85497238  0.87430939]
 [ 0.89088398  0.87292818  0.88121547  0.88121547  0.83425414  0.85911602
   0.87016575  0.86464088  0.85497238  0.87016575]
 [ 0.89640884  0.87569061  0.88674033  0.87983425  0.8480663   0.86464088
   0.86878453  0.87430939  0.87430939  0.87430939]
 [ 0.89779006  0.87707182  0.88535912  0.88121547  0.84530387  0.86740331
   0.86878453  0.87430939  0.87430939  0.87569061]
 [ 0.88950276  0.87430939  0.88812155  0.8839779   0.84392265  0.8660221
   0.86878453  0.87430939  0.8839779   0.87707182]
 [ 0.89779006  0.87569061  0.89226519  0.88121547  0.84668508  0.8660221
   0.87292818  0.87569061  0.8839779   0.87707182]
 [ 0.89640884  0.87430939  0.89502762  0.88121547  0.83425414  0.86740331
   0.87430939  0.87707182  0.88259669  0.87707182]
 [ 0.89779006  0.87707182  0.89640884  0.87983425  0.8480663   0.86464088
   0.87154696  0.87707182  0.88259669  0.87707182]
 [ 0.89226519  0.87430939  0.89364641  0.88121547  0.8480663   0.86464088
   0.87430939  0.87983425  0.88121547  0.87983425]
 [ 0.89088398  0.87569061  0.89640884  0.87707182  0.84668508  0.87430939
   0.87016575  0.87983425  0.88259669  0.87845304]
 [ 0.89779006  0.87845304  0.89640884  0.87845304  0.84944751  0.87292818
   0.87154696  0.87983425  0.88259669  0.87569061]
 [ 0.89088398  0.87845304  0.89779006  0.87983425  0.8480663   0.87430939
   0.87154696  0.87983425  0.88259669  0.87707182]
 [ 0.89088398  0.87845304  0.89640884  0.88259669  0.84944751  0.87707182
   0.86878453  0.87845304  0.87983425  0.8839779 ]
 [ 0.89088398  0.87845304  0.89640884  0.88259669  0.84944751  0.87430939
   0.87016575  0.87983425  0.8839779   0.87983425]
 [ 0.88950276  0.87845304  0.89779006  0.88259669  0.85082873  0.87430939
   0.87430939  0.87983425  0.8839779   0.87569061]
 [ 0.89226519  0.87707182  0.89640884  0.8839779   0.85082873  0.87707182
   0.87707182  0.87569061  0.88259669  0.87707182]
 [ 0.89088398  0.87707182  0.89917127  0.88121547  0.85082873  0.87569061
   0.87430939  0.87430939  0.88121547  0.87983425]
 [ 0.88950276  0.87983425  0.89917127  0.88121547  0.85082873  0.87569061
   0.87430939  0.87569061  0.88259669  0.87845304]
 [ 0.89226519  0.87154696  0.89226519  0.87707182  0.84944751  0.87430939
   0.87707182  0.87569061  0.88674033  0.88121547]
 [ 0.88950276  0.87845304  0.89917127  0.8839779   0.85220994  0.87430939
   0.87569061  0.87707182  0.8839779   0.88121547]
 [ 0.88950276  0.87707182  0.89917127  0.8839779   0.85220994  0.87430939
   0.87707182  0.87707182  0.8839779   0.88259669]
 [ 0.88950276  0.87845304  0.89640884  0.88812155  0.85220994  0.87292818
   0.87430939  0.87569061  0.88535912  0.88121547]
 [ 0.88812155  0.87430939  0.89917127  0.88259669  0.85082873  0.87707182
   0.87430939  0.87569061  0.88535912  0.88259669]
 [ 0.88812155  0.87569061  0.89640884  0.88121547  0.85497238  0.87430939
   0.87292818  0.87707182  0.8839779   0.88259669]
 [ 0.88812155  0.87430939  0.89917127  0.88121547  0.85220994  0.87430939
   0.87569061  0.87569061  0.88535912  0.88259669]
 [ 0.88812155  0.87569061  0.89640884  0.88259669  0.85220994  0.87292818
   0.87430939  0.87430939  0.88259669  0.88259669]
 [ 0.88812155  0.87154696  0.89640884  0.88259669  0.85359116  0.87292818
   0.87430939  0.87430939  0.8839779   0.88121547]
 [ 0.88812155  0.87292818  0.89364641  0.88259669  0.85497238  0.87430939
   0.87430939  0.87430939  0.8839779   0.88259669]
 [ 0.88812155  0.87707182  0.89640884  0.88535912  0.85359116  0.87292818
   0.87430939  0.87707182  0.88259669  0.88259669]
 [ 0.88812155  0.87569061  0.89364641  0.88535912  0.85359116  0.87292818
   0.87292818  0.87707182  0.8839779   0.88535912]
 [ 0.88812155  0.87569061  0.89502762  0.8839779   0.85220994  0.87292818
   0.87292818  0.87707182  0.88259669  0.8839779 ]
 [ 0.88812155  0.87292818  0.89502762  0.8839779   0.85220994  0.87292818
   0.87430939  0.87292818  0.88535912  0.88535912]
 [ 0.88812155  0.87292818  0.89502762  0.8839779   0.85497238  0.87569061
   0.87430939  0.87707182  0.88535912  0.8839779 ]
 [ 0.88950276  0.87292818  0.89640884  0.88535912  0.85220994  0.87292818
   0.86878453  0.87430939  0.88535912  0.88259669]
 [ 0.88950276  0.87569061  0.89640884  0.88674033  0.85082873  0.87569061
   0.86878453  0.87707182  0.88535912  0.88535912]
 [ 0.88812155  0.87569061  0.89640884  0.88535912  0.85359116  0.87430939
   0.87569061  0.87569061  0.88259669  0.8839779 ]
 [ 0.89088398  0.87569061  0.89502762  0.88121547  0.85220994  0.87569061
   0.87569061  0.87707182  0.88259669  0.88259669]
 [ 0.88950276  0.87569061  0.89640884  0.87983425  0.85359116  0.87430939
   0.87569061  0.87845304  0.88259669  0.8839779 ]
 [ 0.88950276  0.87569061  0.89640884  0.87983425  0.85082873  0.87430939
   0.87569061  0.87845304  0.88259669  0.8839779 ]
 [ 0.89364641  0.87707182  0.89502762  0.88121547  0.85082873  0.87569061
   0.87569061  0.87707182  0.8839779   0.8839779 ]
 [ 0.88812155  0.87569061  0.89640884  0.88259669  0.85082873  0.87845304
   0.87707182  0.87292818  0.88259669  0.88535912]]