bank/ANN2

[1, 3, 5, 7, 9, 11, 13, 15, 17, 19, 21, 23, 25, 27, 29, 31, 33, 35, 37, 39, 41, 43, 45, 47, 49, 51, 53, 55, 57, 59, 61, 63, 65, 67, 69, 71, 73, 75, 77, 79, 81, 83, 85, 87, 89, 91, 93, 95, 97, 99, 101, 103, 105, 107, 109, 111, 113, 115, 117, 119]

[[0.89921891 0.89918435 0.89918435 0.89977189 0.89863137 0.89880418
  0.89880418 0.89745628 0.89835488 0.89828575]
 [0.89925347 0.89807839 0.89901154 0.89766365 0.89811295 0.89766365
  0.89769821 0.89714523 0.89804382 0.89828575]
 [0.89935716 0.89804382 0.89863137 0.89956453 0.89845856 0.89963365
  0.89873505 0.8969033  0.89873505 0.89787102]
 [0.90073961 0.90063593 0.90094698 0.89984102 0.90029032 0.90042856
  0.89987558 0.89918435 0.90070505 0.8988733 ]
 [0.9034354  0.90222576 0.90198383 0.90229488 0.90056681 0.90381558
  0.9038847  0.9017419  0.90340084 0.90243312]
 [0.90616576 0.90436856 0.90436856 0.90754821 0.90519804 0.90543997
  0.90284786 0.90623488 0.90654593 0.904334  ]
 [0.90823944 0.90505979 0.90744453 0.90609663 0.90609663 0.90889611
  0.90747909 0.90661505 0.90602751 0.90699523]
 [0.90671874 0.90702979 0.9078247  0.90692611 0.90713348 0.90709891
  0.90775558 0.90519804 0.90554365 0.9061312 ]
 [0.90374646 0.9067533  0.90602751 0.90530172 0.90620032 0.90658049
  0.90461049 0.90319347 0.90471418 0.90485242]
 [0.90654593 0.91121172 0.90796295 0.9087233  0.91083155 0.90986383
  0.9096219  0.9087233  0.90758277 0.90879242]
 [0.91038225 0.90889611 0.90948365 0.9091726  0.90948365 0.91003664
  0.90882699 0.90620032 0.91038225 0.90976014]
 [0.90893067 0.91179927 0.90965646 0.91110804 0.91197207 0.91055506
  0.91003664 0.90834313 0.91003664 0.90844681]
 [0.91245593 0.91086611 0.90924172 0.91255962 0.9106933  0.91052049
  0.91179927 0.90861962 0.90965646 0.90768646]
 [0.9106933  0.90951821 0.90910348 0.91017488 0.91297436 0.90958734
  0.91193751 0.90893067 0.9087233  0.90937997]
 [0.91190295 0.91217944 0.91242137 0.91141909 0.91259418 0.91217944
  0.91276699 0.91062418 0.91211032 0.91107348]
 [0.91273243 0.91124628 0.91297436 0.91148821 0.9131126  0.91255962
  0.91086611 0.90993295 0.91173014 0.91000207]
 [0.91470243 0.91408032 0.91359646 0.91307804 0.91176471 0.91404576
  0.912214   0.90951821 0.91166102 0.91162646]
 [0.91549734 0.91304348 0.91335453 0.91397664 0.91390751 0.91546278
  0.91096979 0.91166102 0.9124905  0.91432225]
 [0.9140112  0.9144605  0.91477155 0.91466786 0.91487523 0.9150826
  0.91549734 0.91338909 0.91518629 0.91231769]
 [0.91532453 0.91611944 0.91522085 0.91425313 0.91280155 0.91290523
  0.91421857 0.91276699 0.91442593 0.91439137]
 [0.91484067 0.91573927 0.91242137 0.91494436 0.91712173 0.91608488
  0.91470243 0.91404576 0.91511716 0.91432225]
 [0.91587751 0.91770927 0.91546278 0.91632681 0.91684523 0.91608488
  0.91473699 0.91169558 0.91805488 0.91363102]
 [0.9184005  0.91573927 0.91563558 0.91525541 0.91629225 0.91632681
  0.91632681 0.91490979 0.91539365 0.91639594]
 [0.91611944 0.9170526  0.91587751 0.91629225 0.9155319  0.91646506
  0.91712173 0.91542822 0.91404576 0.91656874]
 [0.91878067 0.91725997 0.91774383 0.91615401 0.91625769 0.91833137
  0.91677611 0.9166033  0.91926453 0.91560102]
 [0.91867699 0.91681067 0.91798576 0.91632681 0.91764015 0.9185733
  0.91515172 0.91667243 0.91860787 0.91739822]
 [0.92061243 0.91895348 0.91815857 0.92009401 0.91833137 0.9184005
  0.91836594 0.9168798  0.91736366 0.91591208]
 [0.9199212  0.91846962 0.91753646 0.9164305  0.91760559 0.91933366
  0.91694892 0.91712173 0.91667243 0.91625769]
 [0.91725997 0.92268611 0.9159812  0.91802032 0.9188498  0.9188498
  0.91943734 0.91722541 0.91843506 0.91556646]
 [0.92061243 0.9179512  0.92012857 0.91625769 0.91770927 0.92050874
  0.9188498  0.91802032 0.91822769 0.91864243]
 [0.91808944 0.92023225 0.92202945 0.91922997 0.91798576 0.91999032
  0.92133822 0.91898804 0.91912629 0.91919541]
 [0.91974839 0.91895348 0.91961015 0.91988664 0.91929909 0.9214419
  0.92023225 0.91985208 0.91895348 0.9184005 ]
 [0.92106173 0.91891892 0.91881523 0.91898804 0.92199488 0.92019769
  0.91974839 0.92075067 0.92175296 0.92199488]
 [0.92227138 0.92313541 0.9218912  0.92040506 0.92064699 0.92240962
  0.92303173 0.92151103 0.92019769 0.91850418]
 [0.92199488 0.92247874 0.92254787 0.9214419  0.92289348 0.92379208
  0.91981752 0.91929909 0.91995576 0.9190226 ]
 [0.92088892 0.9232391  0.92289348 0.92068155 0.9208198  0.92109629
  0.91985208 0.91957559 0.92047418 0.92061243]
 [0.92306629 0.92268611 0.9223405  0.92413769 0.92313541 0.92379208
  0.92192576 0.9184005  0.92334278 0.91954102]
 [0.9229626  0.92272067 0.92261699 0.92303173 0.92130366 0.92358471
  0.92275524 0.92185664 0.92130366 0.92310085]
 [0.9238612  0.92254787 0.92012857 0.92379208 0.92420682 0.92593489
  0.92272067 0.92247874 0.92002488 0.92220225]
 [0.92379208 0.9234119  0.92393032 0.92285892 0.92344646 0.92427594
  0.92372296 0.92320453 0.92254787 0.92472524]
 [0.92396489 0.92358471 0.92496717 0.92344646 0.92368839 0.92372296
  0.92603857 0.92368839 0.92451787 0.92282436]
 [0.92361927 0.92427594 0.92299717 0.92558927 0.92310085 0.92738647
  0.91999032 0.91981752 0.92164927 0.92351559]
 [0.92458699 0.92555471 0.92285892 0.9227898  0.92417225 0.92441418
  0.9253819  0.92552015 0.92686804 0.92320453]
 [0.92458699 0.92811226 0.92531278 0.92130366 0.92355015 0.92420682
  0.92403401 0.92327366 0.92365383 0.9232391 ]
 [0.92894173 0.92348103 0.92517454 0.92427594 0.92510541 0.92607313
  0.9258312  0.9238612  0.92486348 0.92244418]
 [0.92714454 0.92576208 0.9267298  0.92669524 0.92641875 0.92852699
  0.92710997 0.92513997 0.92631506 0.92503629]
 [0.92724822 0.92721366 0.92455243 0.92721366 0.92797401 0.92866524
  0.92534734 0.92327366 0.92797401 0.92493261]
 [0.92952927 0.9247598  0.92496717 0.92610769 0.92261699 0.92859612
  0.92634962 0.92524366 0.92683348 0.92679892]
 [0.92700629 0.92614225 0.92638418 0.92320453 0.92472524 0.92669524
  0.92534734 0.92182208 0.92603857 0.92513997]
 [0.9295984  0.92973664 0.92752471 0.93056612 0.92838875 0.92880348
  0.93039331 0.92925278 0.92911454 0.92773208]
 [0.93208682 0.93060068 0.92831962 0.92966752 0.92752471 0.93125734
  0.92697173 0.92769752 0.92648787 0.92593489]
 [0.92704085 0.92935647 0.92434506 0.93049699 0.92600401 0.92807769
  0.92690261 0.93015138 0.9286998  0.92859612]
 [0.93198313 0.9311191  0.92970208 0.93246699 0.92842331 0.92907998
  0.92811226 0.92752471 0.92911454 0.92669524]
 [0.92693717 0.93032419 0.92932191 0.92845787 0.92911454 0.93015138
  0.93181033 0.92876892 0.92510541 0.92769752]
 [0.92856155 0.92970208 0.93225963 0.92579664 0.9302205  0.93004769
  0.92787033 0.92552015 0.9306698  0.92444875]
 [0.93077348 0.93053155 0.93136103 0.93250156 0.93063524 0.92928734
  0.9282505  0.92921822 0.93149927 0.93035875]
 [0.93129191 0.93056612 0.93291629 0.92686804 0.92994401 0.93153384
  0.93274349 0.93104998 0.92956383 0.93104998]
 [0.92859612 0.92500173 0.93008226 0.92880348 0.92645331 0.92648787
  0.93129191 0.92773208 0.9302205  0.92849243]
 [0.93288173 0.9291491  0.92724822 0.92970208 0.93032419 0.93084261
  0.92797401 0.9229626  0.93163752 0.92973664]
 [0.93177577 0.93077348 0.93101541 0.93284717 0.92949471 0.9311191
  0.92648787 0.9297712  0.92821594 0.93060068]]

[[0.89590821 0.89715234 0.89452585 0.89811999 0.89964059 0.89604645
  0.90033177 0.90309649 0.89894941 0.90033177]
 [0.89341996 0.89687586 0.89590821 0.89687586 0.89991706 0.89770528
  0.89618468 0.90157589 0.89673763 0.89977882]
 [0.89715234 0.89535527 0.89300525 0.89659939 0.89894941 0.89618468
  0.89715234 0.90129942 0.89618468 0.89839646]
 [0.89673763 0.8970141  0.8970141  0.89991706 0.90116118 0.89646116
  0.89922588 0.90185236 0.89673763 0.90212884]
 [0.89770528 0.89839646 0.89659939 0.89881117 0.90047    0.89397291
  0.90268178 0.90254354 0.89977882 0.90116118]
 [0.89839646 0.90088471 0.89908764 0.90282002 0.90461709 0.89798175
  0.89756704 0.90641416 0.90102295 0.90655239]
 [0.90074647 0.90434061 0.90033177 0.89881117 0.90392591 0.90129942
  0.90586121 0.91069947 0.89881117 0.90420238]
 [0.89950235 0.89894941 0.89964059 0.90406414 0.90323472 0.89687586
  0.90171413 0.90530827 0.90019353 0.9019906 ]
 [0.89922588 0.90005529 0.89991706 0.89784352 0.90240531 0.8954935
  0.89894941 0.90682886 0.89756704 0.90185236]
 [0.90226707 0.90226707 0.89894941 0.90102295 0.90489356 0.89950235
  0.90033177 0.90779652 0.90102295 0.90558474]
 [0.89867293 0.89825823 0.90102295 0.89964059 0.90295825 0.89563174
  0.90060824 0.90738181 0.90572297 0.90447885]
 [0.89991706 0.90088471 0.89964059 0.90157589 0.90489356 0.89756704
  0.89839646 0.90724357 0.90378767 0.90378767]
 [0.89991706 0.90033177 0.89950235 0.90530827 0.9035112  0.89715234
  0.90047    0.90655239 0.89922588 0.90143766]
 [0.90047    0.89936411 0.90060824 0.90088471 0.90337296 0.90033177
  0.90434061 0.90586121 0.90337296 0.90475532]
 [0.89632292 0.8985347  0.90088471 0.90475532 0.90323472 0.89922588
  0.90282002 0.90821122 0.9035112  0.90364943]
 [0.90116118 0.89867293 0.90129942 0.90364943 0.90517003 0.89991706
  0.90060824 0.90599945 0.90254354 0.90392591]
 [0.90268178 0.89977882 0.89825823 0.90295825 0.90185236 0.89964059
  0.90060824 0.90917888 0.90282002 0.90461709]
 [0.90129942 0.90033177 0.90226707 0.90613768 0.90599945 0.90019353
  0.90047    0.90475532 0.90047    0.90434061]
 [0.90240531 0.90226707 0.90102295 0.90019353 0.90309649 0.90074647
  0.89977882 0.90793475 0.9035112  0.90530827]
 [0.89936411 0.90116118 0.90226707 0.90143766 0.90019353 0.89770528
  0.90102295 0.90669063 0.90337296 0.90019353]
 [0.90171413 0.90116118 0.90157589 0.90392591 0.90475532 0.89867293
  0.90337296 0.91083771 0.90240531 0.90268178]
 [0.89770528 0.89563174 0.8970141  0.89936411 0.90171413 0.90005529
  0.90323472 0.90572297 0.90627592 0.90434061]
 [0.89867293 0.90019353 0.90530827 0.89825823 0.90254354 0.89950235
  0.90143766 0.90599945 0.89811999 0.90517003]
 [0.89770528 0.89991706 0.90060824 0.90254354 0.9019906  0.89770528
  0.90074647 0.90406414 0.89964059 0.90599945]
 [0.89908764 0.89977882 0.90116118 0.90420238 0.90489356 0.90337296
  0.90074647 0.90959359 0.90572297 0.90406414]
 [0.90019353 0.89811999 0.89936411 0.90364943 0.90323472 0.90143766
  0.89922588 0.90641416 0.90364943 0.90185236]
 [0.89908764 0.89964059 0.90364943 0.89991706 0.9035112  0.90074647
  0.90254354 0.90931711 0.9019906  0.90406414]
 [0.89839646 0.90102295 0.90212884 0.90295825 0.90406414 0.90116118
  0.9019906  0.90586121 0.90309649 0.90475532]
 [0.90212884 0.90102295 0.90378767 0.90116118 0.90171413 0.89811999
  0.90088471 0.90821122 0.90364943 0.90254354]
 [0.89811999 0.90074647 0.89894941 0.90378767 0.90019353 0.90129942
  0.89867293 0.90669063 0.90337296 0.90185236]
 [0.90254354 0.90116118 0.89867293 0.8985347  0.90599945 0.89977882
  0.89881117 0.90613768 0.90323472 0.90047   ]
 [0.89867293 0.9035112  0.89894941 0.89770528 0.90212884 0.89839646
  0.90185236 0.90917888 0.9035112  0.90406414]
 [0.90116118 0.89894941 0.90171413 0.90337296 0.90240531 0.90171413
  0.89729057 0.90434061 0.89798175 0.90240531]
 [0.8954935  0.89964059 0.90268178 0.90102295 0.90434061 0.89811999
  0.89950235 0.90447885 0.90129942 0.90392591]
 [0.89770528 0.89646116 0.89991706 0.90116118 0.90406414 0.90337296
  0.89950235 0.90710534 0.90268178 0.90641416]
 [0.90268178 0.89673763 0.90157589 0.89729057 0.9019906  0.90185236
  0.90033177 0.90364943 0.89908764 0.90060824]
 [0.89521703 0.89756704 0.90157589 0.90295825 0.90129942 0.90019353
  0.89991706 0.90710534 0.90102295 0.90282002]
 [0.90143766 0.89673763 0.89922588 0.89825823 0.90047    0.8970141
  0.89632292 0.89922588 0.90060824 0.90309649]
 [0.89480232 0.90033177 0.90157589 0.90240531 0.90309649 0.89811999
  0.89908764 0.90613768 0.90254354 0.89922588]
 [0.89922588 0.89770528 0.90171413 0.90033177 0.90226707 0.89991706
  0.89977882 0.90862593 0.89922588 0.90088471]
 [0.89798175 0.89742881 0.90129942 0.90005529 0.90171413 0.89798175
  0.90074647 0.90655239 0.90517003 0.89977882]
 [0.90268178 0.89770528 0.90240531 0.89784352 0.90171413 0.89742881
  0.90517003 0.90434061 0.90309649 0.90157589]
 [0.89908764 0.89798175 0.90364943 0.89825823 0.90378767 0.90447885
  0.89922588 0.90185236 0.90171413 0.90254354]
 [0.90005529 0.89590821 0.89936411 0.90392591 0.90212884 0.90157589
  0.90074647 0.90599945 0.90682886 0.90005529]
 [0.89867293 0.89742881 0.90033177 0.89950235 0.90282002 0.89784352
  0.89977882 0.90295825 0.90282002 0.90268178]
 [0.89964059 0.89590821 0.89715234 0.89673763 0.90157589 0.89646116
  0.89894941 0.90655239 0.90088471 0.90185236]
 [0.90074647 0.89576998 0.89756704 0.90171413 0.90143766 0.89480232
  0.90019353 0.90392591 0.90447885 0.90309649]
 [0.89646116 0.89480232 0.90005529 0.90116118 0.89977882 0.89756704
  0.89507879 0.90517003 0.89867293 0.90406414]
 [0.89632292 0.89770528 0.89867293 0.90074647 0.89756704 0.89590821
  0.90282002 0.90765828 0.90337296 0.89950235]
 [0.89742881 0.89715234 0.89950235 0.89881117 0.90157589 0.8985347
  0.89756704 0.90447885 0.89770528 0.89881117]
 [0.89977882 0.89563174 0.89715234 0.9035112  0.90323472 0.89521703
  0.89867293 0.90323472 0.90047    0.90074647]
 [0.89784352 0.89452585 0.90088471 0.89811999 0.89715234 0.9019906
  0.90033177 0.90765828 0.89936411 0.89825823]
 [0.89839646 0.89729057 0.89632292 0.89839646 0.90088471 0.8935582
  0.89964059 0.90434061 0.90129942 0.89825823]
 [0.89811999 0.89411114 0.89673763 0.90171413 0.89839646 0.89563174
  0.89950235 0.90420238 0.90074647 0.90143766]
 [0.89839646 0.89452585 0.89659939 0.89867293 0.90116118 0.89646116
  0.89659939 0.90682886 0.89950235 0.90627592]
 [0.89742881 0.89770528 0.89825823 0.90047    0.90116118 0.89936411
  0.90254354 0.90461709 0.90102295 0.90129942]
 [0.89590821 0.89369643 0.89259054 0.89950235 0.89535527 0.89964059
  0.89715234 0.90226707 0.90171413 0.89784352]
 [0.89811999 0.89590821 0.89991706 0.90171413 0.89673763 0.90088471
  0.8970141  0.90710534 0.90226707 0.90074647]
 [0.89687586 0.89383467 0.89673763 0.8954935  0.89950235 0.89715234
  0.90254354 0.90738181 0.8970141  0.89729057]
 [0.89300525 0.89632292 0.89480232 0.89811999 0.89991706 0.89576998
  0.89936411 0.90309649 0.90323472 0.89646116]]