bank/ANN3

[0.01       0.03020408 0.05040816 0.07061224 0.09081633 0.11102041
 0.13122449 0.15142857 0.17163265 0.19183673 0.21204082 0.2322449
 0.25244898 0.27265306 0.29285714 0.31306122 0.33326531 0.35346939
 0.37367347 0.39387755 0.41408163 0.43428571 0.4544898  0.47469388
 0.49489796 0.51510204 0.53530612 0.5555102  0.57571429 0.59591837
 0.61612245 0.63632653 0.65653061 0.67673469 0.69693878 0.71714286
 0.73734694 0.75755102 0.7777551  0.79795918 0.81816327 0.83836735
 0.85857143 0.87877551 0.89897959 0.91918367 0.93938776 0.95959184
 0.97979592 1.        ]

[[0.89942628 0.89825119 0.89845856 0.8994954  0.89835488 0.89973733
  0.89873505 0.89731803 0.89863137 0.89755996]
 [0.89897698 0.89825119 0.898424   0.89918435 0.89832032 0.89942628
  0.89859681 0.89728347 0.89873505 0.89780189]
 [0.89911523 0.89790558 0.89918435 0.89914979 0.89873505 0.8994954
  0.89849312 0.89714523 0.8988733  0.89769821]
 [0.89911523 0.89773277 0.89928803 0.89890786 0.89890786 0.89987558
  0.89828575 0.89721435 0.8988733  0.89769821]
 [0.89956453 0.89776733 0.89942628 0.89914979 0.89942628 0.89942628
  0.89859681 0.89697242 0.89814751 0.89766365]
 [0.8993226  0.89794014 0.89928803 0.89880418 0.89897698 0.89959909
  0.89894242 0.89717979 0.89876961 0.89804382]
 [0.89952996 0.89811295 0.8993226  0.8988733  0.8990461  0.89959909
  0.89856225 0.89780189 0.89901154 0.89814751]
 [0.89876961 0.89859681 0.89939172 0.89908067 0.89859681 0.90046312
  0.89856225 0.89745628 0.89901154 0.89794014]
 [0.89914979 0.89845856 0.89984102 0.8993226  0.89814751 0.90053225
  0.89928803 0.89773277 0.89911523 0.89783646]
 [0.89956453 0.89838944 0.8999447  0.89908067 0.89800926 0.89952996
  0.89918435 0.89766365 0.8994954  0.89790558]
 [0.89939172 0.89832032 0.89991014 0.89952996 0.89828575 0.89966821
  0.89942628 0.89776733 0.89890786 0.89790558]
 [0.89928803 0.89814751 0.89991014 0.89921891 0.89811295 0.89959909
  0.89942628 0.8975254  0.89908067 0.89939172]
 [0.89956453 0.89832032 0.90004839 0.89911523 0.89804382 0.89925347
  0.89963365 0.89780189 0.89890786 0.89807839]
 [0.89963365 0.89794014 0.90018663 0.89914979 0.89814751 0.89952996
  0.89942628 0.89776733 0.89856225 0.89807839]
 [0.89935716 0.89814751 0.90015207 0.89935716 0.898424   0.90001382
  0.89942628 0.89787102 0.89849312 0.89825119]
 [0.89987558 0.89890786 0.8999447  0.89935716 0.89838944 0.89997926
  0.89901154 0.89790558 0.89856225 0.89825119]
 [0.89963365 0.89845856 0.89956453 0.89918435 0.89873505 0.89970277
  0.89925347 0.89790558 0.89863137 0.89821663]
 [0.89952996 0.89880418 0.89966821 0.89939172 0.89908067 0.89966821
  0.89897698 0.89818207 0.89863137 0.89814751]
 [0.89946084 0.89866593 0.89977189 0.89946084 0.89921891 0.89966821
  0.89901154 0.8979747  0.89880418 0.89804382]
 [0.89946084 0.89859681 0.90029032 0.89952996 0.89873505 0.90015207
  0.89921891 0.89783646 0.89876961 0.89845856]
 [0.89939172 0.89918435 0.90032488 0.8993226  0.89866593 0.90004839
  0.8990461  0.89800926 0.89873505 0.89852768]
 [0.89946084 0.89921891 0.900394   0.89925347 0.89866593 0.89987558
  0.89890786 0.89821663 0.89935716 0.89866593]
 [0.8993226  0.89963365 0.90056681 0.89925347 0.89883874 0.90018663
  0.89866593 0.89780189 0.89914979 0.89849312]
 [0.89935716 0.89956453 0.90049768 0.89921891 0.89890786 0.90015207
  0.89859681 0.89818207 0.8994954  0.89866593]
 [0.89946084 0.89952996 0.90025575 0.89925347 0.8990461  0.90018663
  0.8988733  0.89818207 0.8994954  0.89883874]
 [0.89973733 0.89939172 0.90035944 0.89952996 0.90011751 0.8999447
  0.89897698 0.89811295 0.89959909 0.89863137]
 [0.89973733 0.89925347 0.90018663 0.8994954  0.90022119 0.90001382
  0.89894242 0.89794014 0.89952996 0.89914979]
 [0.89970277 0.89959909 0.90001382 0.89939172 0.90022119 0.90004839
  0.89876961 0.89783646 0.89942628 0.89925347]
 [0.89959909 0.89952996 0.90025575 0.89946084 0.90004839 0.90011751
  0.89876961 0.8979747  0.89952996 0.89925347]
 [0.89980646 0.89928803 0.90056681 0.89942628 0.89977189 0.90025575
  0.89845856 0.89804382 0.8994954  0.8993226 ]
 [0.89963365 0.89928803 0.9008433  0.89942628 0.8999447  0.90018663
  0.89980646 0.89783646 0.89956453 0.89935716]
 [0.89966821 0.89939172 0.90108523 0.90077418 0.8999447  0.90035944
  0.90001382 0.89800926 0.89963365 0.89942628]
 [0.89966821 0.8990461  0.90063593 0.89973733 0.89987558 0.90022119
  0.89987558 0.89814751 0.89973733 0.8990461 ]
 [0.89991014 0.89928803 0.9008433  0.89984102 0.90008295 0.90018663
  0.89984102 0.89814751 0.89946084 0.89935716]
 [0.89984102 0.8990461  0.90080874 0.89977189 0.89991014 0.90015207
  0.89959909 0.89804382 0.89952996 0.8993226 ]
 [0.89984102 0.89908067 0.90115435 0.89977189 0.89977189 0.90025575
  0.89977189 0.89811295 0.89946084 0.89942628]
 [0.89987558 0.89908067 0.90105067 0.89991014 0.89946084 0.90046312
  0.89991014 0.89821663 0.89987558 0.8990461 ]
 [0.89963365 0.89928803 0.90132716 0.89984102 0.89942628 0.90035944
  0.90053225 0.89814751 0.89970277 0.89911523]
 [0.90015207 0.89935716 0.90132716 0.89984102 0.89942628 0.90025575
  0.90073961 0.89825119 0.89963365 0.89901154]
 [0.90025575 0.89942628 0.90136172 0.89991014 0.89952996 0.90008295
  0.90063593 0.89825119 0.89980646 0.8990461 ]
 [0.90032488 0.89908067 0.90125804 0.90001382 0.89939172 0.90001382
  0.900394   0.89811295 0.8994954  0.89928803]
 [0.90056681 0.89914979 0.9014654  0.90001382 0.89925347 0.89987558
  0.90056681 0.89811295 0.89925347 0.89918435]
 [0.900394   0.89946084 0.9012926  0.89987558 0.89956453 0.89980646
  0.90032488 0.89794014 0.8993226  0.89883874]
 [0.90067049 0.89918435 0.90132716 0.8999447  0.89946084 0.89987558
  0.89991014 0.89787102 0.8999447  0.8988733 ]
 [0.90025575 0.89914979 0.9012926  0.89980646 0.89852768 0.89970277
  0.90029032 0.8979747  0.89966821 0.8988733 ]
 [0.90060137 0.89952996 0.90098154 0.89980646 0.89952996 0.89959909
  0.900394   0.89800926 0.89977189 0.89918435]
 [0.90029032 0.89959909 0.90101611 0.89977189 0.89935716 0.89970277
  0.90035944 0.89814751 0.89977189 0.89984102]
 [0.90035944 0.89963365 0.90101611 0.89984102 0.89935716 0.89973733
  0.90042856 0.8979747  0.89991014 0.89987558]
 [0.90032488 0.89956453 0.90091242 0.89987558 0.89832032 0.89963365
  0.90046312 0.89828575 0.89966821 0.89984102]
 [0.89987558 0.89977189 0.90105067 0.89987558 0.89901154 0.89952996
  0.90035944 0.89790558 0.89973733 0.89984102]]

[[0.89687586 0.89480232 0.89314349 0.89646116 0.89950235 0.89576998
  0.89673763 0.90074647 0.8954935  0.89839646]
 [0.89715234 0.89590821 0.89314349 0.89729057 0.8985347  0.89563174
  0.89729057 0.90116118 0.89507879 0.89798175]
 [0.89715234 0.89590821 0.89300525 0.89770528 0.8985347  0.89563174
  0.89756704 0.90171413 0.89480232 0.89881117]
 [0.8970141  0.89632292 0.89259054 0.89673763 0.89742881 0.89563174
  0.89811999 0.90102295 0.89576998 0.89881117]
 [0.89673763 0.89673763 0.89245231 0.89659939 0.89936411 0.89535527
  0.8985347  0.90226707 0.89576998 0.89964059]
 [0.89742881 0.89646116 0.89272878 0.89646116 0.89729057 0.89590821
  0.89729057 0.90157589 0.89646116 0.89936411]
 [0.89618468 0.89742881 0.89272878 0.89673763 0.8985347  0.89604645
  0.89839646 0.9019906  0.89632292 0.89991706]
 [0.89604645 0.89770528 0.89245231 0.89563174 0.89881117 0.8970141
  0.89825823 0.9019906  0.89452585 0.89936411]
 [0.89604645 0.89798175 0.8920376  0.89632292 0.89922588 0.89659939
  0.8985347  0.9019906  0.89438761 0.90019353]
 [0.89770528 0.89811999 0.89231407 0.89632292 0.89964059 0.89576998
  0.8970141  0.90157589 0.89507879 0.89991706]
 [0.89715234 0.89784352 0.89286702 0.89673763 0.90033177 0.89715234
  0.89729057 0.90157589 0.89494056 0.90060824]
 [0.89659939 0.89811999 0.89245231 0.89729057 0.90060824 0.89646116
  0.89784352 0.90185236 0.89452585 0.90157589]
 [0.8970141  0.89742881 0.8920376  0.89742881 0.90074647 0.89632292
  0.8985347  0.90157589 0.89466409 0.89964059]
 [0.89729057 0.89784352 0.89231407 0.89756704 0.90033177 0.89632292
  0.89825823 0.90171413 0.89424938 0.89977882]
 [0.89673763 0.89798175 0.89259054 0.89742881 0.90019353 0.89590821
  0.8985347  0.90268178 0.89452585 0.89950235]
 [0.89715234 0.89867293 0.89328173 0.89798175 0.90019353 0.89590821
  0.89908764 0.90323472 0.89438761 0.90129942]
 [0.89618468 0.89881117 0.89341996 0.89798175 0.90005529 0.8954935
  0.89908764 0.90337296 0.89521703 0.9019906 ]
 [0.89632292 0.8985347  0.8935582  0.89825823 0.89908764 0.89563174
  0.89867293 0.90240531 0.89521703 0.90185236]
 [0.89590821 0.89839646 0.8935582  0.89811999 0.89977882 0.89576998
  0.89908764 0.90295825 0.89673763 0.90212884]
 [0.89618468 0.89881117 0.89286702 0.89784352 0.89908764 0.89632292
  0.89881117 0.90240531 0.89715234 0.9019906 ]
 [0.89618468 0.89922588 0.89272878 0.89784352 0.89908764 0.89618468
  0.89922588 0.90364943 0.89729057 0.90185236]
 [0.89646116 0.8985347  0.8935582  0.89742881 0.89908764 0.89618468
  0.89908764 0.90337296 0.89729057 0.90212884]
 [0.89618468 0.89839646 0.89369643 0.89742881 0.89839646 0.8970141
  0.89881117 0.90378767 0.89715234 0.90143766]
 [0.89604645 0.89839646 0.89272878 0.89742881 0.89811999 0.8970141
  0.89922588 0.9035112  0.89729057 0.90185236]
 [0.89576998 0.89881117 0.89272878 0.89784352 0.89881117 0.89687586
  0.89867293 0.90378767 0.89687586 0.90185236]
 [0.89618468 0.89881117 0.89259054 0.89673763 0.8985347  0.89687586
  0.89977882 0.90364943 0.8970141  0.90185236]
 [0.89604645 0.89908764 0.89286702 0.89742881 0.89825823 0.89687586
  0.89936411 0.9035112  0.89687586 0.90226707]
 [0.89604645 0.89894941 0.89272878 0.89756704 0.89839646 0.89729057
  0.89977882 0.90282002 0.89687586 0.90240531]
 [0.89590821 0.89922588 0.89341996 0.89742881 0.89811999 0.89729057
  0.89964059 0.90254354 0.8970141  0.90240531]
 [0.89604645 0.89936411 0.89328173 0.89742881 0.89867293 0.89784352
  0.89977882 0.90240531 0.89659939 0.90240531]
 [0.89590821 0.89922588 0.89314349 0.89742881 0.89867293 0.89770528
  0.89922588 0.90240531 0.89673763 0.90268178]
 [0.89576998 0.89936411 0.89452585 0.89922588 0.89894941 0.89784352
  0.89881117 0.90295825 0.89673763 0.90295825]
 [0.89521703 0.89894941 0.89480232 0.89936411 0.89894941 0.89784352
  0.89894941 0.90268178 0.89729057 0.90268178]
 [0.8954935  0.89867293 0.89466409 0.89950235 0.89936411 0.89784352
  0.89839646 0.90268178 0.89756704 0.90268178]
 [0.89521703 0.89881117 0.89466409 0.89936411 0.89894941 0.89784352
  0.89839646 0.90282002 0.89770528 0.90254354]
 [0.8954935  0.89908764 0.89438761 0.89936411 0.89908764 0.89770528
  0.89839646 0.90254354 0.89742881 0.90226707]
 [0.89563174 0.89908764 0.89424938 0.89894941 0.89894941 0.89784352
  0.8985347  0.90212884 0.89673763 0.9019906 ]
 [0.89563174 0.89950235 0.89466409 0.89825823 0.89881117 0.89770528
  0.89922588 0.90143766 0.89729057 0.9019906 ]
 [0.89507879 0.89922588 0.89466409 0.89839646 0.89908764 0.89839646
  0.89908764 0.90185236 0.8970141  0.9019906 ]
 [0.89618468 0.89881117 0.89466409 0.89825823 0.89894941 0.8985347
  0.89922588 0.90143766 0.89576998 0.9019906 ]
 [0.89729057 0.89881117 0.89438761 0.89839646 0.89908764 0.89881117
  0.89936411 0.90171413 0.89798175 0.90185236]
 [0.89770528 0.89867293 0.89507879 0.89839646 0.89908764 0.89894941
  0.89922588 0.9019906  0.89784352 0.90171413]
 [0.89715234 0.89867293 0.89521703 0.89825823 0.89908764 0.8985347
  0.89936411 0.9019906  0.89770528 0.90171413]
 [0.89715234 0.89881117 0.89535527 0.8985347  0.89922588 0.8985347
  0.8985347  0.90212884 0.89715234 0.90157589]
 [0.89563174 0.89867293 0.89438761 0.89867293 0.89922588 0.89839646
  0.89922588 0.90268178 0.8970141  0.90185236]
 [0.89687586 0.89922588 0.89424938 0.8985347  0.89977882 0.89811999
  0.89908764 0.90254354 0.8970141  0.90254354]
 [0.89715234 0.89922588 0.89438761 0.89770528 0.90047    0.89798175
  0.89908764 0.90268178 0.89715234 0.90295825]
 [0.89673763 0.89839646 0.89521703 0.89756704 0.90047    0.89798175
  0.89908764 0.90378767 0.89729057 0.90254354]
 [0.89632292 0.8985347  0.89507879 0.89715234 0.89936411 0.89811999
  0.89936411 0.90282002 0.89673763 0.90268178]
 [0.89590821 0.89867293 0.89521703 0.89715234 0.90047    0.89811999
  0.89977882 0.90268178 0.89687586 0.90212884]]