[  28   87  145  204  262  321  379  437  496  554  613  671  730  788  846
  905  963 1022 1080 1139 1197 1255 1314 1372 1431 1489 1548 1606 1664 1723
 1781 1840 1898 1957 2015 2073 2132 2190 2249 2307 2366 2424 2482 2541 2599
 2658 2716 2775 2833 2892]

[[ 0.89285714  0.78571429  0.85714286  0.82142857  0.96428571  0.89285714
   0.96428571  0.85714286  0.96428571  0.85714286]
 [ 0.89655172  0.90804598  0.90804598  0.89655172  0.97701149  0.89655172
   0.93103448  0.91954023  0.93103448  0.95402299]
 [ 0.93103448  0.97931034  0.92413793  0.93103448  1.          0.92413793
   0.95172414  0.94482759  0.94482759  0.93793103]
 [ 0.94607843  0.95588235  0.94607843  0.98039216  1.          0.96568627
   0.96078431  0.95098039  0.96078431  0.93627451]
 [ 0.96946565  0.96946565  0.96946565  0.95801527  0.98473282  0.98091603
   0.98473282  0.96183206  0.97709924  0.96946565]
 [ 0.97196262  0.99376947  0.97507788  0.98442368  1.          0.98130841
   0.98753894  0.96573209  0.98753894  0.97196262]
 [ 0.98416887  0.99472296  0.98944591  0.9762533   0.99208443  0.97361478
   0.98680739  0.98680739  0.99472296  0.97889182]
 [ 0.98398169  0.99542334  0.99084668  0.9771167   0.99084668  0.99542334
   0.99084668  0.97940503  0.99084668  0.98627002]
 [ 0.9858871   0.99395161  0.9858871   0.97177419  0.99596774  0.98387097
   0.99193548  0.9858871   0.98185484  0.98185484]
 [ 0.98555957  1.          0.98916968  0.97833935  0.98555957  0.98736462
   0.97472924  0.98194946  0.98916968  0.98375451]
 [ 0.98858075  0.99184339  0.98694943  0.97879282  0.99347471  0.98205546
   0.97553018  0.97226754  0.99347471  0.98368679]
 [ 0.98062593  0.97913562  0.99403875  0.99254844  0.99105812  0.98360656
   0.99105812  0.97615499  0.99701937  0.98360656]
 [ 0.97260274  0.98630137  0.99315068  0.99589041  0.99589041  0.98767123
   0.97945205  0.99041096  0.99041096  0.98219178]
 [ 0.97588832  0.99111675  0.99111675  0.98857868  0.99492386  0.98984772
   0.99619289  0.9784264   0.98604061  0.98477157]
 [ 0.98345154  0.9929078   0.99172577  0.98345154  0.99054374  0.98108747
   0.98699764  0.98817967  0.9787234   0.97990544]
 [ 0.98453039  0.99005525  0.98895028  0.99447514  0.99889503  0.98895028
   0.99447514  0.98453039  0.98342541  0.98563536]
 [ 0.98130841  0.99273105  0.9854621   0.98857736  0.99273105  0.98026999
   0.99065421  0.98753894  0.99376947  0.9854621 ]
 [ 0.9853229   0.99510763  0.99412916  0.98630137  0.99706458  0.99119374
   0.97749511  0.99315068  0.99412916  0.98825832]
 [ 0.98240741  0.99444444  0.98425926  0.98611111  0.9962963   0.99444444
   0.99074074  0.98240741  0.99074074  0.98796296]
 [ 0.98946444  0.99209833  0.98946444  0.99034241  0.99561018  0.98858648
   0.99209833  0.99648815  0.98858648  0.98419666]
 [ 0.99582289  0.9924812   0.98997494  0.9807853   0.99665831  0.98162072
   0.98162072  0.98997494  0.99331662  0.98496241]
 [ 0.98565737  0.99123506  0.98964143  0.98804781  0.99043825  0.98884462
   0.99043825  0.987251    0.99442231  0.987251  ]
 [ 0.98173516  0.99086758  0.99315068  0.98325723  0.99619482  0.99010654
   0.98630137  0.99162861  0.99162861  0.99010654]
 [ 0.98323615  0.99271137  0.98688047  0.98979592  0.98833819  0.98979592
   0.98833819  0.98906706  0.98760933  0.99052478]
 [ 0.9881202   0.99091544  0.98602376  0.98951782  0.99371069  0.99021663
   0.9881202   0.99231307  0.98742138  0.98113208]
 [ 0.98858294  0.99462727  0.98925453  0.99529886  0.99597045  0.99462727
   0.98186702  0.98791135  0.97850907  0.98925453]
 [ 0.98062016  0.99354005  0.99031008  0.99224806  0.99031008  0.99289406
   0.99160207  0.99224806  0.98578811  0.98901809]
 [ 0.98816936  0.99190535  0.99190535  0.99315068  0.99564134  0.98879203
   0.99439601  0.98816936  0.98443337  0.98630137]
 [ 0.99338942  0.9921875   0.99338942  0.98798077  0.99158654  0.99098558
   0.9921875   0.99399038  0.98557692  0.98557692]
 [ 0.98723157  0.98607081  0.99013349  0.99477655  0.98955311  0.99245502
   0.98084736  0.99129425  0.98839234  0.98549042]
 [ 0.98259405  0.98989332  0.9904548   0.98764739  0.99438518  0.98764739
   0.98371701  0.9904548   0.98933184  0.98989332]
 [ 0.97717391  0.98967391  0.9826087   0.99347826  0.99130435  0.9875
   0.98913043  0.99021739  0.99021739  0.99402174]
 [ 0.98366702  0.99051633  0.98946259  0.9910432   0.98998946  0.99157007
   0.98314015  0.98735511  0.98208641  0.98735511]
 [ 0.99131323  0.99540112  0.99437915  0.98926929  0.99591211  0.99080225
   0.99182422  0.98569239  0.98620337  0.99335718]
 [ 0.982134    0.98957816  0.98362283  0.99156328  0.98858561  0.99503722
   0.991067    0.98957816  0.98957816  0.98511166]
 [ 0.98938736  0.98794018  0.9932465   0.9932465   0.9932465   0.99228172
   0.9932465   0.99179932  0.9869754   0.98794018]
 [ 0.98733583  0.98311445  0.9934334   0.9934334   0.98592871  0.99015009
   0.99202627  0.98921201  0.98827392  0.98639775]
 [ 0.98173516  0.98949772  0.9890411   0.98675799  0.99178082  0.99497717
   0.98538813  0.98858447  0.97853881  0.98630137]
 [ 0.9831036   0.99288573  0.99021787  0.98843931  0.99377501  0.99244108
   0.99199644  0.99288573  0.98532681  0.98710538]
 [ 0.97529259  0.98526225  0.99306459  0.99393151  0.9917642   0.98786303
   0.98612917  0.9869961   0.98829649  0.9917642 ]
 [ 0.98393914  0.99492815  0.99450549  0.98689772  0.99323753  0.98943364
   0.98098056  0.98774303  0.98605241  0.98013525]
 [ 0.98638614  0.99339934  0.98019802  0.98556106  0.98968647  0.98762376
   0.99381188  0.98638614  0.98473597  0.98556106]
 [ 0.98791297  0.99717969  0.98912168  0.98549557  0.99435939  0.99234488
   0.98146656  0.99113618  0.97824335  0.99073328]
 [ 0.98858717  0.98819362  0.98937426  0.99449036  0.99173554  0.98661944
   0.99212908  0.9905549   0.98976781  0.98937426]
 [ 0.98307041  0.99307426  0.99076568  0.98691805  0.98999615  0.98884186
   0.98999615  0.99076568  0.98307041  0.98730281]
 [ 0.98457487  0.99021821  0.98457487  0.99059443  0.99134688  0.98457487
   0.98796087  0.98946576  0.98720843  0.99021821]
 [ 0.98969072  0.99005891  0.98969072  0.97974963  0.9937408   0.98969072
   0.98269514  0.98821797  0.98784978  0.9937408 ]
 [ 0.98234234  0.98630631  0.99027027  0.98486486  0.99171171  0.98990991
   0.99207207  0.98486486  0.98558559  0.98810811]
 [ 0.98693964  0.98941052  0.98799859  0.98058595  0.99435228  0.98623367
   0.98552771  0.99046947  0.99258736  0.99435228]
 [ 0.98858921  0.98928077  0.99170124  0.98893499  0.99135546  0.99204703
   0.99170124  0.99170124  0.98720609  0.9906639 ]]

[[ 0.89226519  0.87430939  0.89640884  0.88812155  0.85635359  0.87569061
   0.87845304  0.87845304  0.88535912  0.88535912]
 [ 0.84254144  0.8480663   0.8218232   0.86049724  0.83287293  0.86740331
   0.83839779  0.80524862  0.83839779  0.87845304]
 [ 0.8480663   0.83977901  0.86049724  0.86878453  0.83563536  0.82458564
   0.83287293  0.86325967  0.84944751  0.83977901]
 [ 0.87430939  0.83977901  0.85359116  0.8480663   0.84116022  0.83563536
   0.87292818  0.84944751  0.8480663   0.86187845]
 [ 0.83839779  0.8480663   0.83149171  0.85635359  0.82596685  0.83701657
   0.85359116  0.85497238  0.86740331  0.86187845]
 [ 0.87707182  0.8480663   0.83701657  0.86464088  0.83425414  0.85497238
   0.84530387  0.85082873  0.88259669  0.85497238]
 [ 0.8660221   0.8301105   0.84254144  0.84944751  0.82320442  0.84944751
   0.83977901  0.85497238  0.87292818  0.82596685]
 [ 0.86187845  0.86878453  0.84668508  0.84254144  0.83149171  0.84944751
   0.85220994  0.85359116  0.86740331  0.86049724]
 [ 0.87569061  0.84668508  0.86049724  0.84392265  0.83425414  0.84392265
   0.86049724  0.85497238  0.88259669  0.86325967]
 [ 0.84254144  0.83839779  0.85359116  0.84944751  0.82734807  0.85082873
   0.84668508  0.85082873  0.87292818  0.85082873]
 [ 0.85773481  0.85082873  0.8660221   0.83701657  0.8660221   0.83839779
   0.83839779  0.87016575  0.87292818  0.85359116]
 [ 0.85911602  0.86325967  0.83425414  0.84254144  0.84254144  0.85635359
   0.83149171  0.84392265  0.87016575  0.83839779]
 [ 0.86740331  0.83977901  0.87154696  0.85635359  0.86325967  0.85773481
   0.85359116  0.85497238  0.87016575  0.85082873]
 [ 0.85911602  0.86878453  0.8480663   0.86187845  0.86740331  0.84254144
   0.85497238  0.8660221   0.86049724  0.85911602]
 [ 0.86878453  0.86740331  0.87983425  0.84530387  0.84116022  0.85082873
   0.84392265  0.86464088  0.85497238  0.84668508]
 [ 0.84116022  0.87430939  0.84530387  0.85911602  0.85359116  0.8660221
   0.86740331  0.87016575  0.86325967  0.84254144]
 [ 0.85773481  0.85497238  0.87016575  0.85911602  0.8480663   0.86740331
   0.85497238  0.85359116  0.87983425  0.85911602]
 [ 0.86325967  0.86464088  0.86464088  0.86878453  0.84116022  0.86878453
   0.8660221   0.86740331  0.85773481  0.86740331]
 [ 0.87154696  0.85773481  0.8480663   0.87016575  0.85773481  0.85773481
   0.87569061  0.87845304  0.85773481  0.87845304]
 [ 0.88259669  0.85635359  0.86464088  0.87154696  0.85082873  0.85220994
   0.8480663   0.87154696  0.85359116  0.86464088]
 [ 0.87569061  0.8480663   0.85082873  0.87154696  0.85635359  0.86325967
   0.86464088  0.87292818  0.85220994  0.87016575]
 [ 0.87154696  0.86187845  0.86740331  0.87430939  0.83149171  0.87292818
   0.85497238  0.87430939  0.86325967  0.8660221 ]
 [ 0.87292818  0.85082873  0.86049724  0.87292818  0.8480663   0.85220994
   0.85635359  0.8660221   0.86187845  0.84530387]
 [ 0.87569061  0.87707182  0.86325967  0.86464088  0.84944751  0.88121547
   0.85359116  0.85635359  0.86049724  0.86187845]
 [ 0.87154696  0.84254144  0.85082873  0.86325967  0.85911602  0.8660221
   0.85635359  0.86740331  0.87430939  0.87430939]
 [ 0.87983425  0.84668508  0.87430939  0.87430939  0.86049724  0.8660221
   0.85497238  0.87292818  0.86878453  0.86325967]
 [ 0.86740331  0.86187845  0.85635359  0.87016575  0.85773481  0.88259669
   0.86049724  0.86325967  0.86740331  0.86049724]
 [ 0.88674033  0.86187845  0.85220994  0.8660221   0.85082873  0.86740331
   0.88121547  0.87292818  0.86187845  0.8660221 ]
 [ 0.86878453  0.87016575  0.86740331  0.86187845  0.84668508  0.87430939
   0.86464088  0.87154696  0.86464088  0.89226519]
 [ 0.87845304  0.84530387  0.84668508  0.85773481  0.85497238  0.86187845
   0.86187845  0.86740331  0.86464088  0.87983425]
 [ 0.85773481  0.86740331  0.8660221   0.87430939  0.84116022  0.86187845
   0.86878453  0.85220994  0.85497238  0.86740331]
 [ 0.85635359  0.85635359  0.86464088  0.86464088  0.8301105   0.86325967
   0.86740331  0.86878453  0.86464088  0.87292818]
 [ 0.88259669  0.85220994  0.86187845  0.85635359  0.87016575  0.85359116
   0.87845304  0.87430939  0.86049724  0.88121547]
 [ 0.8839779   0.85635359  0.85773481  0.84392265  0.8480663   0.85082873
   0.8480663   0.87707182  0.86325967  0.85635359]
 [ 0.8839779   0.86187845  0.85082873  0.83977901  0.83839779  0.86187845
   0.87016575  0.87983425  0.85911602  0.86878453]
 [ 0.87707182  0.86740331  0.86464088  0.89226519  0.84944751  0.85773481
   0.8660221   0.87569061  0.85911602  0.85497238]
 [ 0.85911602  0.8660221   0.87707182  0.8660221   0.85220994  0.85911602
   0.86740331  0.87154696  0.86740331  0.86049724]
 [ 0.86740331  0.85911602  0.87292818  0.88674033  0.84116022  0.84530387
   0.88674033  0.86049724  0.87569061  0.87016575]
 [ 0.87707182  0.85911602  0.87430939  0.87292818  0.83701657  0.86740331
   0.85497238  0.86740331  0.87016575  0.85220994]
 [ 0.87983425  0.85773481  0.85911602  0.85635359  0.85497238  0.86740331
   0.86187845  0.87016575  0.86464088  0.85773481]
 [ 0.86740331  0.84668508  0.85359116  0.86049724  0.8301105   0.86187845
   0.85635359  0.87016575  0.85359116  0.87569061]
 [ 0.87707182  0.84668508  0.87430939  0.87430939  0.84254144  0.87430939
   0.86740331  0.85911602  0.87845304  0.87430939]
 [ 0.87569061  0.84668508  0.86187845  0.8660221   0.83425414  0.85082873
   0.86049724  0.85635359  0.87016575  0.8660221 ]
 [ 0.85220994  0.86740331  0.85773481  0.86740331  0.8301105   0.87292818
   0.86740331  0.87292818  0.87707182  0.86049724]
 [ 0.85773481  0.85635359  0.86187845  0.87016575  0.85220994  0.87016575
   0.86049724  0.86878453  0.8660221   0.86878453]
 [ 0.86740331  0.85635359  0.85773481  0.85359116  0.84116022  0.8839779
   0.85911602  0.87707182  0.8660221   0.84530387]
 [ 0.88259669  0.8480663   0.85635359  0.8660221   0.8480663   0.87707182
   0.87154696  0.87016575  0.84392265  0.86049724]
 [ 0.86740331  0.84944751  0.86049724  0.87292818  0.8480663   0.85359116
   0.87154696  0.87292818  0.87430939  0.87983425]
 [ 0.87154696  0.85359116  0.8660221   0.87154696  0.85773481  0.85773481
   0.87292818  0.85773481  0.86878453  0.87016575]
 [ 0.86878453  0.85773481  0.86187845  0.85497238  0.85497238  0.8660221
   0.85220994  0.88259669  0.85911602  0.86740331]]