bank/BoostDT2

[1, 2, 3, 4, 5, 6, 7, 8, 9, 10, 11, 12, 13, 14, 15, 16, 17, 18, 19, 20, 21, 22, 23, 24, 25, 26, 27, 28, 29, 30, 31, 32, 33, 34, 35, 36, 37, 38, 39, 40, 41, 42, 43, 44, 45, 46, 47, 48, 49]

[[1.         1.         1.         1.         1.         1.
  1.         1.         1.         1.        ]
 [1.         1.         1.         1.         1.         1.
  1.         1.         1.         1.        ]
 [1.         1.         1.         1.         1.         1.
  1.         1.         1.         1.        ]
 [1.         1.         1.         1.         1.         1.
  1.         1.         1.         1.        ]
 [1.         1.         1.         1.         1.         1.
  1.         1.         1.         1.        ]
 [1.         1.         1.         1.         1.         1.
  1.         1.         1.         1.        ]
 [1.         1.         1.         1.         1.         1.
  1.         1.         1.         1.        ]
 [1.         1.         1.         1.         1.         1.
  1.         1.         1.         1.        ]
 [1.         1.         1.         1.         1.         1.
  1.         1.         0.99996544 1.        ]
 [1.         1.         0.99996544 1.         1.         1.
  1.         0.99996544 1.         1.        ]
 [0.99996544 0.99996544 1.         0.99989632 0.99993088 0.99986175
  0.99993088 0.99993088 0.99982719 0.99996544]
 [0.99982719 0.99982719 0.99979263 0.99968895 0.99989632 0.99979263
  0.99972351 0.99944702 0.99972351 0.99948158]
 [0.9995507  0.99906684 0.99986175 0.99941246 0.99944702 0.99948158
  0.99948158 0.99993088 0.99968895 0.99989632]
 [0.99896316 0.99927421 0.99951614 0.9995507  0.99885947 0.99968895
  0.99858298 0.99861754 0.99944702 0.99941246]
 [0.99882491 0.99816824 0.99879035 0.99885947 0.99830649 0.99841017
  0.99834105 0.99796088 0.99785719 0.99948158]
 [0.99706228 0.99854842 0.99771895 0.99799544 0.99737333 0.99699316
  0.99737333 0.99675123 0.99858298 0.99706228]
 [0.99685491 0.99768439 0.99640561 0.99730421 0.9971314  0.9956107
  0.99723509 0.99699316 0.99612912 0.99799544]
 [0.99588719 0.99395175 0.99557614 0.99609456 0.99640561 0.99599088
  0.99519596 0.99678579 0.99702772 0.99609456]
 [0.9951614  0.99491947 0.99370982 0.99567982 0.99443561 0.99443561
  0.99104859 0.99595631 0.99426281 0.99657842]
 [0.99350245 0.9925693  0.99205087 0.99222368 0.99426281 0.99529965
  0.99191263 0.99315684 0.99402088 0.99250017]
 [0.99339877 0.99457386 0.99132508 0.99132508 0.9903228  0.99115228
  0.99146333 0.99170526 0.99201631 0.99381351]
 [0.98983894 0.99132508 0.99191263 0.9925693  0.98997719 0.99291491
  0.99163614 0.99108315 0.9912214  0.98973526]
 [0.99042649 0.99008087 0.99111772 0.99201631 0.99104859 0.99170526
  0.98845649 0.98821456 0.99201631 0.99087579]
 [0.98769614 0.98907859 0.98783438 0.98845649 0.99059929 0.98914772
  0.9877307  0.98862929 0.98900947 0.98980438]
 [0.98776526 0.98766157 0.98572614 0.98614087 0.98752333 0.98797263
  0.98565701 0.98842193 0.98741964 0.98918228]
 [0.98541508 0.98579526 0.98586438 0.98679754 0.98607175 0.98548421
  0.98569157 0.98710859 0.98517315 0.9859335 ]
 [0.98306491 0.9837907  0.98330684 0.98465473 0.98607175 0.98565701
  0.98188982 0.98513859 0.98569157 0.98462017]
 [0.98316859 0.98534596 0.9819935  0.98652105 0.98171701 0.98213175
  0.98275385 0.98354877 0.98171701 0.98417087]
 [0.98372157 0.98417087 0.9819935  0.98112947 0.98251192 0.98078385
  0.97933227 0.9818207  0.98195894 0.98455105]
 [0.98157877 0.98081841 0.97947052 0.97967789 0.97964333 0.98213175
  0.98106034 0.97625631 0.97981613 0.98344508]
 [0.98036912 0.97884841 0.97680929 0.98258105 0.97832999 0.97770789
  0.97791526 0.97646368 0.97663648 0.97947052]
 [0.97967789 0.97756964 0.97642911 0.97483929 0.97964333 0.97822631
  0.97566876 0.97877929 0.97580701 0.97853736]
 [0.97933227 0.97663648 0.97528859 0.97639455 0.97566876 0.97442455
  0.97383701 0.97587613 0.97656736 0.97635999]
 [0.97477017 0.97712034 0.97221262 0.97266192 0.97826087 0.97515034
  0.9745628  0.97483929 0.97438999 0.97649824]
 [0.97459736 0.97528859 0.97380245 0.97335315 0.97193613 0.97241999
  0.9710721  0.97266192 0.9736642  0.97318034]
 [0.97328403 0.97373332 0.97224718 0.96951683 0.97293841 0.97297297
  0.97089929 0.97273104 0.9730421  0.97155595]
 [0.97318034 0.97217806 0.97152139 0.96816894 0.96920578 0.97138315
  0.96934402 0.97266192 0.97006981 0.97200525]
 [0.97283473 0.9682035  0.97262736 0.96906753 0.97134859 0.96803069
  0.9692749  0.96924034 0.96965508 0.97072648]
 [0.96986245 0.97162508 0.96816894 0.96789244 0.96799613 0.96951683
  0.9707956  0.96823806 0.96803069 0.97127946]
 [0.96675192 0.96602613 0.96754683 0.96816894 0.96689016 0.96813437
  0.97010438 0.96419437 0.96809981 0.96934402]
 [0.96599157 0.96478192 0.96564595 0.96585332 0.96816894 0.96920578
  0.96485104 0.96260455 0.96841087 0.96740859]
 [0.96350315 0.96512753 0.96588788 0.9642635  0.96872192 0.96588788
  0.96467823 0.96657911 0.96391788 0.96647543]
 [0.9666828  0.96609525 0.963987   0.96540402 0.96606069 0.96250086
  0.96405613 0.9624663  0.96374507 0.96637174]
 [0.96661367 0.96554227 0.96526578 0.96422893 0.96405613 0.96433262
  0.96405613 0.96212069 0.96315753 0.96585332]
 [0.96343402 0.96319209 0.96243174 0.9629156  0.96156771 0.96225893
  0.96281192 0.96080735 0.9618442  0.96153314]
 [0.96191332 0.96395244 0.96326122 0.96066911 0.96485104 0.96440174
  0.96353771 0.96111841 0.96333034 0.962017  ]
 [0.96212069 0.9604963  0.96236262 0.96339946 0.9609456  0.96402157
  0.960047   0.95970139 0.96163683 0.96077279]
 [0.96326122 0.95880279 0.95973595 0.96011613 0.95963227 0.96104928
  0.96001244 0.95534665 0.9594249  0.96364139]
 [0.9624663  0.96056542 0.95980507 0.95631437 0.96025437 0.95890648
  0.95800788 0.95963227 0.95835349 0.95638349]]

[[0.88001106 0.87489632 0.87296102 0.87226984 0.88084048 0.87033453
  0.87005806 0.87614045 0.8755875  0.87793752]
 [0.88623168 0.88567874 0.88913464 0.88816699 0.89452585 0.88595521
  0.89176113 0.89024053 0.89411114 0.89120818]
 [0.88913464 0.89065524 0.88747581 0.88982582 0.8920376  0.89010229
  0.88471109 0.89369643 0.88692286 0.8920376 ]
 [0.89120818 0.88678463 0.88415814 0.88941111 0.88941111 0.88346696
  0.88484932 0.88844346 0.89341996 0.88844346]
 [0.88512579 0.88097871 0.88595521 0.88042577 0.88885817 0.88401991
  0.88388167 0.88885817 0.89383467 0.88374343]
 [0.88139342 0.88443461 0.87738457 0.88733757 0.89162289 0.88415814
  0.88816699 0.88346696 0.89037877 0.88595521]
 [0.88305225 0.88457285 0.880564   0.88982582 0.88512579 0.880564
  0.88111695 0.8885817  0.89231407 0.88401991]
 [0.88526403 0.88775228 0.88526403 0.88747581 0.88512579 0.88388167
  0.88761404 0.88982582 0.88305225 0.8836052 ]
 [0.87738457 0.88222284 0.88139342 0.88678463 0.88263754 0.88236107
  0.8836052  0.88305225 0.88374343 0.88429638]
 [0.88374343 0.87724634 0.88263754 0.88471109 0.88457285 0.88222284
  0.88443461 0.88415814 0.88263754 0.87973459]
 [0.88277578 0.88180813 0.87752281 0.88802875 0.88319049 0.88014929
  0.88498756 0.88471109 0.88623168 0.87627868]
 [0.87931988 0.88180813 0.87406691 0.88388167 0.88180813 0.87987282
  0.88028753 0.88484932 0.88816699 0.88609345]
 [0.88332873 0.88332873 0.87544927 0.88180813 0.88415814 0.87738457
  0.88457285 0.88222284 0.8820846  0.87489632]
 [0.87945811 0.87807575 0.87890517 0.88249931 0.88733757 0.88222284
  0.88028753 0.88263754 0.88291402 0.87890517]
 [0.8786287  0.88028753 0.87655516 0.87807575 0.88305225 0.88097871
  0.87959635 0.880564   0.88650816 0.88305225]
 [0.87876693 0.88332873 0.88097871 0.88084048 0.8836052  0.87890517
  0.88028753 0.88733757 0.88153166 0.88277578]
 [0.87918164 0.88070224 0.88415814 0.88153166 0.88249931 0.87945811
  0.87531103 0.88374343 0.88664639 0.88125518]
 [0.88332873 0.88097871 0.87876693 0.87752281 0.88388167 0.87931988
  0.880564   0.87904341 0.87614045 0.88650816]
 [0.88305225 0.88236107 0.8786287  0.88664639 0.88125518 0.87766105
  0.88664639 0.88996406 0.88236107 0.8855405 ]
 [0.87586398 0.87696986 0.87696986 0.87959635 0.88097871 0.88222284
  0.88401991 0.89563174 0.88166989 0.88429638]
 [0.87614045 0.87876693 0.87669339 0.88249931 0.88415814 0.88070224
  0.89189936 0.89134642 0.88498756 0.87987282]
 [0.87890517 0.88042577 0.87959635 0.87931988 0.8885817  0.8771081
  0.88153166 0.88319049 0.8855405  0.88319049]
 [0.87904341 0.88388167 0.88014929 0.8855405  0.88526403 0.88084048
  0.88153166 0.88595521 0.88249931 0.8855405 ]
 [0.88319049 0.88111695 0.88443461 0.88415814 0.88166989 0.880564
  0.88236107 0.88941111 0.88125518 0.87945811]
 [0.88180813 0.88125518 0.87793752 0.88139342 0.88968759 0.88277578
  0.88125518 0.88388167 0.8771081  0.87655516]
 [0.87779928 0.87475809 0.87572574 0.88014929 0.88761404 0.88650816
  0.88609345 0.88650816 0.88236107 0.88070224]
 [0.87904341 0.88415814 0.87876693 0.88512579 0.88125518 0.88540227
  0.88401991 0.88789052 0.88001106 0.87904341]
 [0.87945811 0.87973459 0.88484932 0.88277578 0.8855405  0.87835223
  0.88719934 0.88498756 0.88180813 0.880564  ]
 [0.88664639 0.88014929 0.87849046 0.88346696 0.88443461 0.87987282
  0.88512579 0.890517   0.88249931 0.8855405 ]
 [0.88070224 0.88581698 0.87945811 0.88249931 0.88816699 0.88332873
  0.88374343 0.88913464 0.88319049 0.88789052]
 [0.88471109 0.88471109 0.88388167 0.88180813 0.88374343 0.87752281
  0.88678463 0.88927288 0.88664639 0.88789052]
 [0.88747581 0.88484932 0.88014929 0.88443461 0.88070224 0.87793752
  0.88498756 0.89259054 0.88885817 0.88001106]
 [0.88512579 0.87931988 0.88443461 0.880564   0.88650816 0.89106995
  0.88761404 0.890517   0.88194636 0.88263754]
 [0.88457285 0.88512579 0.88236107 0.88097871 0.88291402 0.87973459
  0.88139342 0.88802875 0.88692286 0.88498756]
 [0.88954935 0.88636992 0.88388167 0.88443461 0.88816699 0.89037877
  0.88844346 0.88775228 0.89673763 0.88968759]
 [0.89134642 0.88429638 0.880564   0.88650816 0.89010229 0.88346696
  0.8836052  0.88761404 0.88374343 0.88457285]
 [0.88401991 0.88139342 0.88346696 0.8855405  0.88802875 0.88498756
  0.88581698 0.88927288 0.88415814 0.8820846 ]
 [0.88332873 0.88346696 0.88789052 0.88775228 0.8885817  0.88540227
  0.88263754 0.89065524 0.88526403 0.88166989]
 [0.88401991 0.88332873 0.88457285 0.88567874 0.89010229 0.88277578
  0.88595521 0.88623168 0.89176113 0.8885817 ]
 [0.88346696 0.88733757 0.88388167 0.88913464 0.89079348 0.88567874
  0.89148466 0.89369643 0.88623168 0.88277578]
 [0.88332873 0.88305225 0.88305225 0.88636992 0.88664639 0.88692286
  0.88927288 0.8920376  0.89065524 0.88457285]
 [0.88070224 0.88457285 0.88678463 0.88830523 0.88457285 0.89024053
  0.88609345 0.88913464 0.88899641 0.89659939]
 [0.88305225 0.88374343 0.88388167 0.88816699 0.88899641 0.89037877
  0.89120818 0.88830523 0.8820846  0.88719934]
 [0.88457285 0.8855405  0.88567874 0.88913464 0.88789052 0.88927288
  0.88830523 0.89438761 0.88775228 0.88401991]
 [0.8855405  0.88484932 0.88941111 0.88581698 0.88540227 0.89010229
  0.88498756 0.89245231 0.88498756 0.89438761]
 [0.88581698 0.88540227 0.88954935 0.88982582 0.89079348 0.88097871
  0.88222284 0.88871993 0.88816699 0.89162289]
 [0.88595521 0.88609345 0.88263754 0.88816699 0.8935582  0.88291402
  0.88236107 0.89397291 0.88139342 0.88899641]
 [0.88319049 0.89106995 0.88415814 0.88996406 0.890517   0.88733757
  0.88540227 0.89259054 0.89245231 0.88650816]
 [0.88388167 0.88319049 0.88802875 0.89300525 0.88636992 0.88775228
  0.88899641 0.89245231 0.89037877 0.88443461]]