bank/BoostDT3

[1, 3, 5, 7, 9, 11, 13, 15, 17, 19, 21, 23, 25, 27, 29, 31, 33, 35, 37, 39, 41, 43, 45, 47, 49, 51, 53, 55, 57, 59, 61, 63, 65, 67, 69, 71, 73, 75, 77, 79, 81, 83, 85, 87, 89, 91, 93, 95, 97, 99]

[[0.91967927 0.91961015 0.91905716 0.91888436 0.92019769 0.92023225
  0.91802032 0.91895348 0.9208198  0.91954102]
 [0.96039262 0.95849174 0.95952858 0.96129121 0.95869911 0.96091104
  0.95824981 0.95738577 0.96295016 0.96146402]
 [0.9868321  0.98544964 0.98862929 0.98911315 0.98873298 0.98465473
  0.98455105 0.98603719 0.98786894 0.98679754]
 [0.99771895 0.99730421 0.99806456 0.99740789 0.99574895 0.99792632
  0.99716596 0.99764982 0.99872123 0.99733877]
 [0.99986175 0.99948158 0.99965439 0.99975807 0.99979263 0.99993088
  0.99965439 0.99927421 0.99986175 0.99993088]
 [1.         1.         1.         1.         1.         1.
  1.         1.         1.         0.99986175]
 [1.         1.         1.         1.         1.         1.
  1.         1.         1.         1.        ]
 [1.         1.         1.         1.         1.         1.
  1.         1.         1.         1.        ]
 [1.         1.         1.         1.         1.         1.
  1.         1.         1.         1.        ]
 [1.         1.         1.         1.         1.         1.
  1.         1.         1.         1.        ]
 [1.         1.         1.         1.         1.         1.
  1.         1.         1.         1.        ]
 [1.         1.         1.         1.         1.         1.
  1.         1.         1.         1.        ]
 [1.         1.         1.         1.         1.         1.
  1.         1.         1.         1.        ]
 [1.         1.         1.         1.         1.         1.
  1.         1.         1.         1.        ]
 [1.         1.         1.         1.         1.         1.
  1.         1.         1.         1.        ]
 [1.         1.         1.         1.         1.         1.
  1.         1.         1.         1.        ]
 [1.         1.         1.         1.         1.         1.
  1.         1.         1.         1.        ]
 [1.         1.         1.         1.         1.         1.
  1.         1.         1.         1.        ]
 [1.         1.         1.         1.         1.         1.
  1.         1.         1.         1.        ]
 [1.         1.         1.         1.         1.         1.
  1.         1.         1.         1.        ]
 [1.         1.         1.         1.         1.         1.
  1.         1.         1.         1.        ]
 [1.         1.         1.         1.         1.         1.
  1.         1.         1.         1.        ]
 [1.         1.         1.         1.         1.         1.
  1.         1.         1.         1.        ]
 [1.         1.         1.         1.         1.         1.
  1.         1.         1.         1.        ]
 [1.         1.         1.         1.         1.         1.
  1.         1.         1.         1.        ]
 [1.         1.         1.         1.         1.         1.
  1.         1.         1.         1.        ]
 [1.         1.         1.         1.         1.         1.
  1.         1.         1.         1.        ]
 [1.         1.         1.         1.         1.         1.
  1.         1.         1.         1.        ]
 [1.         1.         1.         1.         1.         1.
  1.         1.         1.         1.        ]
 [1.         1.         1.         1.         1.         1.
  1.         1.         1.         1.        ]
 [1.         1.         1.         1.         1.         1.
  1.         1.         1.         1.        ]
 [1.         1.         1.         1.         1.         1.
  1.         1.         1.         1.        ]
 [1.         1.         1.         1.         1.         1.
  1.         1.         1.         1.        ]
 [1.         1.         1.         1.         1.         1.
  1.         1.         1.         1.        ]
 [1.         1.         1.         1.         1.         1.
  1.         1.         1.         1.        ]
 [1.         1.         1.         1.         1.         1.
  1.         1.         1.         1.        ]
 [1.         1.         1.         1.         1.         1.
  1.         1.         1.         1.        ]
 [1.         1.         1.         1.         1.         1.
  1.         1.         1.         1.        ]
 [1.         1.         1.         1.         1.         1.
  1.         1.         1.         1.        ]
 [1.         1.         1.         1.         1.         1.
  1.         1.         1.         1.        ]
 [1.         1.         1.         1.         1.         1.
  1.         1.         1.         1.        ]
 [1.         1.         1.         1.         1.         1.
  1.         1.         1.         1.        ]
 [1.         1.         1.         1.         1.         1.
  1.         1.         1.         1.        ]
 [1.         1.         1.         1.         1.         1.
  1.         1.         1.         1.        ]
 [1.         1.         1.         1.         1.         1.
  1.         1.         1.         1.        ]
 [1.         1.         1.         1.         1.         1.
  1.         1.         1.         1.        ]
 [1.         1.         1.         1.         1.         1.
  1.         1.         1.         1.        ]
 [1.         1.         1.         1.         1.         1.
  1.         1.         1.         1.        ]
 [1.         1.         1.         1.         1.         1.
  1.         1.         1.         1.        ]
 [1.         1.         1.         1.         1.         1.
  1.         1.         1.         1.        ]]

[[0.89521703 0.89894941 0.89576998 0.90212884 0.90157589 0.90157589
  0.90364943 0.90447885 0.90337296 0.90295825]
 [0.88968759 0.88180813 0.87821399 0.88180813 0.88747581 0.8820846
  0.88153166 0.88540227 0.88332873 0.88526403]
 [0.88346696 0.88111695 0.87544927 0.8855405  0.88332873 0.88236107
  0.88636992 0.8836052  0.88581698 0.88236107]
 [0.87835223 0.88415814 0.88028753 0.88084048 0.880564   0.88332873
  0.88111695 0.88844346 0.88319049 0.88332873]
 [0.8820846  0.87779928 0.87683163 0.88332873 0.88471109 0.87738457
  0.87959635 0.88816699 0.88014929 0.88111695]
 [0.8836052  0.88001106 0.88457285 0.88097871 0.88941111 0.87766105
  0.88457285 0.88664639 0.87945811 0.87669339]
 [0.87738457 0.88180813 0.87655516 0.87973459 0.88678463 0.87945811
  0.88581698 0.88609345 0.88070224 0.87945811]
 [0.88692286 0.88319049 0.87724634 0.88512579 0.88374343 0.88305225
  0.88567874 0.87973459 0.88084048 0.88498756]
 [0.87987282 0.87987282 0.87752281 0.88567874 0.8855405  0.88471109
  0.88650816 0.8935582  0.88125518 0.88429638]
 [0.88761404 0.88222284 0.87918164 0.88802875 0.88664639 0.87987282
  0.88443461 0.88733757 0.88125518 0.88581698]
 [0.88028753 0.88097871 0.87724634 0.88429638 0.88968759 0.88222284
  0.88415814 0.88512579 0.88346696 0.88249931]
 [0.88802875 0.88222284 0.88346696 0.88484932 0.89079348 0.88277578
  0.88830523 0.88733757 0.88650816 0.88249931]
 [0.88222284 0.88802875 0.87669339 0.88498756 0.88636992 0.88070224
  0.88913464 0.890517   0.88636992 0.88484932]
 [0.88457285 0.88471109 0.8820846  0.88388167 0.88457285 0.88775228
  0.88941111 0.89106995 0.88484932 0.88802875]
 [0.88609345 0.88595521 0.88332873 0.88775228 0.88664639 0.88484932
  0.88802875 0.89065524 0.89010229 0.88885817]
 [0.88899641 0.8885817  0.88650816 0.88595521 0.89024053 0.88401991
  0.88581698 0.88830523 0.88636992 0.88885817]
 [0.88236107 0.88512579 0.88526403 0.88954935 0.88913464 0.88415814
  0.88844346 0.89341996 0.88484932 0.88719934]
 [0.88415814 0.88581698 0.88277578 0.88540227 0.89438761 0.88111695
  0.88139342 0.89148466 0.88512579 0.88526403]
 [0.88968759 0.8836052  0.88263754 0.890517   0.89010229 0.88996406
  0.88913464 0.89397291 0.88747581 0.88871993]
 [0.88775228 0.88595521 0.88526403 0.890517   0.88899641 0.88346696
  0.88761404 0.89245231 0.88540227 0.8870611 ]
 [0.88816699 0.88401991 0.88816699 0.89079348 0.89120818 0.88374343
  0.88166989 0.89148466 0.88595521 0.88692286]
 [0.88775228 0.88941111 0.88567874 0.88747581 0.89176113 0.88719934
  0.88443461 0.89424938 0.88678463 0.89134642]
 [0.88844346 0.88595521 0.88996406 0.89134642 0.88844346 0.8855405
  0.89010229 0.89521703 0.88816699 0.8855405 ]
 [0.89189936 0.88719934 0.88401991 0.890517   0.88844346 0.8855405
  0.89189936 0.89424938 0.88996406 0.88623168]
 [0.88899641 0.88789052 0.88775228 0.890517   0.89037877 0.88249931
  0.89189936 0.89590821 0.89065524 0.89093171]
 [0.88498756 0.89176113 0.88540227 0.88692286 0.89148466 0.88512579
  0.88581698 0.89286702 0.88871993 0.88830523]
 [0.8820846  0.89134642 0.88526403 0.89452585 0.89521703 0.88305225
  0.88899641 0.890517   0.88996406 0.89259054]
 [0.88484932 0.8935582  0.8870611  0.89286702 0.88885817 0.88664639
  0.89300525 0.89466409 0.88913464 0.89259054]
 [0.88816699 0.88540227 0.88498756 0.89272878 0.89576998 0.88609345
  0.89314349 0.89466409 0.88871993 0.88789052]
 [0.88139342 0.89383467 0.8870611  0.8885817  0.89065524 0.88719934
  0.88996406 0.89176113 0.8885817  0.88830523]
 [0.88941111 0.89079348 0.89010229 0.89024053 0.89369643 0.88747581
  0.89397291 0.89742881 0.89093171 0.89189936]
 [0.8870611  0.89134642 0.88664639 0.88982582 0.89424938 0.88927288
  0.89162289 0.89687586 0.88954935 0.890517  ]
 [0.88733757 0.89272878 0.89065524 0.89106995 0.89507879 0.88581698
  0.89065524 0.89604645 0.88581698 0.89411114]
 [0.88802875 0.8885817  0.88498756 0.89604645 0.89452585 0.8920376
  0.89259054 0.89341996 0.8920376  0.89106995]
 [0.89010229 0.89383467 0.89079348 0.88941111 0.89576998 0.89093171
  0.89272878 0.89480232 0.89411114 0.89134642]
 [0.88913464 0.89424938 0.88692286 0.89272878 0.89507879 0.89134642
  0.88789052 0.89673763 0.88941111 0.89369643]
 [0.89037877 0.89272878 0.88913464 0.8935582  0.89521703 0.88747581
  0.89286702 0.89383467 0.89438761 0.89286702]
 [0.88844346 0.89494056 0.88954935 0.89563174 0.89120818 0.88650816
  0.89189936 0.89784352 0.89010229 0.8935582 ]
 [0.88913464 0.89411114 0.88581698 0.89314349 0.89314349 0.89106995
  0.89231407 0.89825823 0.89148466 0.88761404]
 [0.89411114 0.89162289 0.88775228 0.89134642 0.89659939 0.89037877
  0.89604645 0.89729057 0.89424938 0.89411114]
 [0.89397291 0.89093171 0.88636992 0.89065524 0.89673763 0.88941111
  0.89134642 0.90060824 0.88927288 0.89148466]
 [0.89079348 0.89314349 0.88830523 0.89217584 0.89148466 0.89314349
  0.89162289 0.89231407 0.89272878 0.89369643]
 [0.89120818 0.89507879 0.88761404 0.89618468 0.89535527 0.88526403
  0.89673763 0.89245231 0.89383467 0.89397291]
 [0.89507879 0.89272878 0.88816699 0.89189936 0.89922588 0.88802875
  0.89106995 0.89286702 0.89037877 0.890517  ]
 [0.89037877 0.89134642 0.88941111 0.89024053 0.89881117 0.88567874
  0.89093171 0.90088471 0.89272878 0.89466409]
 [0.89176113 0.89093171 0.89189936 0.8920376  0.89590821 0.89189936
  0.88982582 0.89756704 0.89010229 0.89037877]
 [0.88816699 0.89272878 0.88954935 0.89300525 0.89618468 0.88927288
  0.88954935 0.89950235 0.89189936 0.89010229]
 [0.88927288 0.89134642 0.89328173 0.89521703 0.89521703 0.89314349
  0.89106995 0.89784352 0.89024053 0.89245231]
 [0.89024053 0.88927288 0.89106995 0.89314349 0.8954935  0.89217584
  0.89176113 0.89811999 0.89480232 0.89369643]
 [0.89162289 0.89369643 0.88927288 0.88954935 0.89881117 0.88954935
  0.88802875 0.89936411 0.89120818 0.89231407]]