bank/BoostDT4

[0.01       0.03020408 0.05040816 0.07061224 0.09081633 0.11102041
 0.13122449 0.15142857 0.17163265 0.19183673 0.21204082 0.2322449
 0.25244898 0.27265306 0.29285714 0.31306122 0.33326531 0.35346939
 0.37367347 0.39387755 0.41408163 0.43428571 0.4544898  0.47469388
 0.49489796 0.51510204 0.53530612 0.5555102  0.57571429 0.59591837
 0.61612245 0.63632653 0.65653061 0.67673469 0.69693878 0.71714286
 0.73734694 0.75755102 0.7777551  0.79795918 0.81816327 0.83836735
 0.85857143 0.87877551 0.89897959 0.91918367 0.93938776 0.95959184
 0.97979592 1.        ]

[[0.92337734 0.92531278 0.92510541 0.92458699 0.92327366 0.92562383
  0.92410313 0.92424138 0.92327366 0.92427594]
 [0.92759383 0.9286998  0.92873436 0.92911454 0.92932191 0.93049699
  0.9291491  0.9282505  0.93015138 0.92752471]
 [0.93212138 0.93295085 0.93205226 0.93388401 0.93391857 0.93319278
  0.93312366 0.93087717 0.93450612 0.93267436]
 [0.93789314 0.93664893 0.94027787 0.93982858 0.94197138 0.938377
  0.93896454 0.93875717 0.93872261 0.9385498 ]
 [0.94950577 0.94667174 0.9491256  0.94677542 0.94812332 0.95061174
  0.95033525 0.9458077  0.94829612 0.94504735]
 [0.95652174 0.95804244 0.9559342  0.95780051 0.95752402 0.95880279
  0.95970139 0.9532384  0.95980507 0.95824981]
 [0.96847999 0.9622935  0.96198244 0.96167139 0.95956314 0.96481648
  0.96136034 0.96028893 0.96395244 0.96263911]
 [0.96692473 0.96678648 0.96896385 0.96218981 0.96301929 0.96409069
  0.96816894 0.96115297 0.96118753 0.96633718]
 [0.96771964 0.96751227 0.96692473 0.96854911 0.97497754 0.96785788
  0.96564595 0.96481648 0.97083017 0.96650999]
 [0.97138315 0.97307666 0.97380245 0.96841087 0.97172876 0.97172876
  0.96861823 0.96951683 0.97203981 0.97096841]
 [0.97110666 0.97203981 0.97387157 0.97248911 0.97096841 0.97314578
  0.96823806 0.97369876 0.97093385 0.97197069]
 [0.97342227 0.97528859 0.97224718 0.97473561 0.97487385 0.97290385
  0.97497754 0.97535771 0.96913666 0.97383701]
 [0.97508122 0.97601438 0.97428631 0.97926315 0.97432087 0.97604894
  0.97667104 0.97705122 0.97027718 0.97625631]
 [0.97732771 0.97635999 0.97812262 0.97463192 0.97943596 0.97466648
  0.97335315 0.97280017 0.97283473 0.97756964]
 [0.97622175 0.97477017 0.97629087 0.98157877 0.97832999 0.97535771
  0.97646368 0.97280017 0.97656736 0.97632543]
 [0.97791526 0.98029999 0.97798438 0.97618718 0.98036912 0.97746596
  0.97449368 0.97667104 0.97539227 0.9741135 ]
 [0.97718947 0.98061105 0.9785028  0.97822631 0.98178613 0.97674017
  0.97635999 0.9776042  0.97618718 0.97580701]
 [0.97846824 0.98406719 0.97950508 0.9741135  0.98168245 0.97684385
  0.98023087 0.97926315 0.97722403 0.97791526]
 [0.98299578 0.97971245 0.97753508 0.97950508 0.98085298 0.9774314
  0.97770789 0.98202806 0.98206263 0.97629087]
 [0.9828921  0.98344508 0.97995438 0.98168245 0.98009262 0.98099122
  0.97732771 0.98337596 0.97660192 0.97794982]
 [0.98064561 0.97712034 0.97860648 0.98130227 0.98188982 0.97877929
  0.97985069 0.98195894 0.97884841 0.97985069]
 [0.97832999 0.9809221  0.97674017 0.9835142  0.98050736 0.97705122
  0.98368701 0.98337596 0.98074929 0.97960876]
 [0.98614087 0.97933227 0.97826087 0.98202806 0.98385982 0.97864105
  0.98161333 0.9795742  0.98109491 0.98147508]
 [0.98437824 0.98278842 0.98316859 0.9839635  0.98365245 0.98659017
  0.98237368 0.97988526 0.98403263 0.98586438]
 [0.97729315 0.98109491 0.98299578 0.98358333 0.98589894 0.98313403
  0.98071473 0.97902122 0.98043824 0.98544964]
 [0.98472385 0.97933227 0.98413631 0.98669385 0.98226999 0.98572614
  0.98614087 0.98596807 0.98040368 0.98607175]
 [0.98690122 0.98479298 0.98278842 0.9857607  0.98607175 0.98085298
  0.98344508 0.98233912 0.98341052 0.9863828 ]
 [0.98544964 0.98309947 0.98171701 0.98503491 0.98520771 0.98883666
  0.98005806 0.97991982 0.98296122 0.98589894]
 [0.98403263 0.98527684 0.98548421 0.98427456 0.98496578 0.98392894
  0.9844128  0.9839635  0.98627912 0.98399806]
 [0.98596807 0.98759245 0.98430912 0.98361789 0.98099122 0.98520771
  0.98679754 0.98361789 0.98690122 0.98327227]
 [0.98963158 0.98769614 0.9883528  0.98372157 0.98738508 0.98586438
  0.98652105 0.98572614 0.98652105 0.98168245]
 [0.98769614 0.98582982 0.98303034 0.98669385 0.98600263 0.98462017
  0.9824428  0.9837907  0.98558789 0.98748877]
 [0.98538052 0.98779982 0.98403263 0.98341052 0.98821456 0.98748877
  0.98610631 0.98385982 0.98192438 0.98538052]
 [0.98686666 0.9868321  0.9879035  0.98641736 0.9833414  0.98741964
  0.98548421 0.98582982 0.98372157 0.98610631]
 [0.98783438 0.98493122 0.98627912 0.98690122 0.98562245 0.98776526
  0.98544964 0.98631368 0.98475842 0.9877307 ]
 [0.98786894 0.98717771 0.98641736 0.98520771 0.98544964 0.98814543
  0.98731596 0.98652105 0.98596807 0.98631368]
 [0.98482754 0.98897491 0.98496578 0.98845649 0.9853114  0.98697035
  0.98462017 0.9859335  0.98679754 0.98631368]
 [0.98617543 0.98596807 0.98634824 0.99018456 0.98503491 0.9859335
  0.98538052 0.98493122 0.98669385 0.98831824]
 [0.98883666 0.98631368 0.98579526 0.98562245 0.98745421 0.98731596
  0.98645193 0.98413631 0.98569157 0.98804175]
 [0.98741964 0.98890579 0.98641736 0.98693578 0.98741964 0.98804175
  0.98586438 0.98845649 0.98714315 0.98859473]
 [0.98679754 0.98648649 0.98800719 0.9868321  0.98769614 0.98738508
  0.98717771 0.98659017 0.98942421 0.98707403]
 [0.98500035 0.98800719 0.98631368 0.98921684 0.98662473 0.98582982
  0.98634824 0.98475842 0.98838736 0.98752333]
 [0.98624456 0.98641736 0.98707403 0.98697035 0.9863828  0.98669385
  0.98714315 0.98824912 0.98659017 0.98652105]
 [0.98693578 0.98900947 0.98534596 0.9912214  0.98700491 0.98887122
  0.98558789 0.98710859 0.98617543 0.98703947]
 [0.98714315 0.98555333 0.98665929 0.98565701 0.98624456 0.9859335
  0.98427456 0.98904403 0.98748877 0.98869842]
 [0.98534596 0.98821456 0.98600263 0.98717771 0.98824912 0.98703947
  0.98579526 0.98869842 0.98607175 0.98918228]
 [0.98475842 0.98831824 0.98496578 0.98697035 0.98686666 0.98769614
  0.98665929 0.98697035 0.98945877 0.98755789]
 [0.98845649 0.98894035 0.98828368 0.98738508 0.98679754 0.99028824
  0.98503491 0.98544964 0.98731596 0.98506947]
 [0.98783438 0.98769614 0.98665929 0.9879035  0.98444736 0.98814543
  0.9833414  0.98582982 0.98811087 0.98714315]
 [0.98714315 0.98845649 0.98610631 0.98735052 0.98648649 0.98634824
  0.98721228 0.98562245 0.98693578 0.98707403]]

[[0.90102295 0.90212884 0.90033177 0.9054465  0.90613768 0.90143766
  0.90613768 0.91097595 0.90503179 0.90461709]
 [0.90268178 0.90489356 0.90337296 0.90821122 0.90752004 0.90337296
  0.91000829 0.91000829 0.90530827 0.90821122]
 [0.9019906  0.90475532 0.9035112  0.90558474 0.90682886 0.90171413
  0.90821122 0.90945535 0.90821122 0.90917888]
 [0.90074647 0.90309649 0.90254354 0.90669063 0.90959359 0.9019906
  0.90987006 0.91056124 0.90420238 0.91083771]
 [0.89964059 0.90406414 0.90475532 0.90282002 0.9054465  0.89825823
  0.90517003 0.91056124 0.90931711 0.90724357]
 [0.89894941 0.89867293 0.89659939 0.90586121 0.90337296 0.89991706
  0.90323472 0.90807299 0.90447885 0.90627592]
 [0.8970141  0.89867293 0.89659939 0.90475532 0.90309649 0.90033177
  0.90282002 0.90392591 0.90226707 0.90212884]
 [0.89590821 0.90088471 0.89369643 0.90060824 0.90323472 0.89618468
  0.89867293 0.90503179 0.89908764 0.90129942]
 [0.8954935  0.89590821 0.89300525 0.89977882 0.89466409 0.89189936
  0.8954935  0.90309649 0.90364943 0.90406414]
 [0.89867293 0.89397291 0.89024053 0.90033177 0.89867293 0.89134642
  0.89798175 0.90254354 0.89756704 0.90019353]
 [0.89369643 0.8970141  0.89328173 0.89576998 0.89811999 0.88775228
  0.89825823 0.90019353 0.8935582  0.89936411]
 [0.89424938 0.8954935  0.88899641 0.89314349 0.89245231 0.89466409
  0.89189936 0.89217584 0.89618468 0.89867293]
 [0.89245231 0.89106995 0.89106995 0.8935582  0.89646116 0.89148466
  0.89480232 0.89300525 0.89369643 0.89231407]
 [0.89245231 0.89134642 0.89024053 0.89507879 0.89189936 0.89452585
  0.89162289 0.89673763 0.89231407 0.89604645]
 [0.89245231 0.89328173 0.88595521 0.89245231 0.89134642 0.88830523
  0.89120818 0.8954935  0.89438761 0.89300525]
 [0.890517   0.88830523 0.88982582 0.8954935  0.89106995 0.8885817
  0.89314349 0.89507879 0.89521703 0.89314349]
 [0.88816699 0.88775228 0.8885817  0.89328173 0.89424938 0.88581698
  0.89784352 0.89646116 0.89659939 0.89314349]
 [0.89120818 0.88830523 0.88526403 0.89328173 0.89286702 0.89563174
  0.89120818 0.89438761 0.89065524 0.89328173]
 [0.8836052  0.890517   0.88623168 0.88775228 0.89245231 0.88996406
  0.88816699 0.89452585 0.88623168 0.89093171]
 [0.88761404 0.88982582 0.88844346 0.88498756 0.89576998 0.88802875
  0.88899641 0.89411114 0.88996406 0.88954935]
 [0.88305225 0.89120818 0.88761404 0.89480232 0.89176113 0.8870611
  0.89328173 0.89341996 0.89189936 0.89079348]
 [0.89037877 0.89286702 0.88277578 0.88871993 0.89120818 0.88899641
  0.88927288 0.89383467 0.88401991 0.89300525]
 [0.88457285 0.89480232 0.88567874 0.890517   0.88775228 0.89120818
  0.88844346 0.89120818 0.88429638 0.88941111]
 [0.88747581 0.88042577 0.88457285 0.89424938 0.89120818 0.88927288
  0.88816699 0.89646116 0.89037877 0.88747581]
 [0.88484932 0.88650816 0.88498756 0.88996406 0.88871993 0.88374343
  0.88747581 0.89618468 0.88844346 0.890517  ]
 [0.88789052 0.88899641 0.88692286 0.88678463 0.88913464 0.88305225
  0.88789052 0.89024053 0.88830523 0.88484932]
 [0.88540227 0.88498756 0.88388167 0.89189936 0.88941111 0.88263754
  0.88581698 0.89231407 0.88719934 0.88844346]
 [0.8885817  0.88429638 0.88305225 0.88692286 0.89079348 0.88194636
  0.89162289 0.89120818 0.88567874 0.89065524]
 [0.88775228 0.88719934 0.87641692 0.89120818 0.88885817 0.88166989
  0.88954935 0.89245231 0.88305225 0.89369643]
 [0.88623168 0.88346696 0.88885817 0.88650816 0.88885817 0.88512579
  0.88899641 0.8935582  0.88388167 0.88512579]
 [0.88249931 0.88844346 0.87738457 0.89079348 0.88761404 0.88899641
  0.89079348 0.89106995 0.88623168 0.88844346]
 [0.88194636 0.88526403 0.88180813 0.88595521 0.88816699 0.88484932
  0.88996406 0.88996406 0.88429638 0.89065524]
 [0.88595521 0.88222284 0.88443461 0.89093171 0.88609345 0.88678463
  0.88457285 0.89618468 0.88719934 0.88388167]
 [0.8855405  0.87807575 0.88291402 0.88305225 0.88650816 0.88512579
  0.88678463 0.89010229 0.88733757 0.88388167]
 [0.8855405  0.88609345 0.88111695 0.88249931 0.88789052 0.88692286
  0.88761404 0.89148466 0.89134642 0.88028753]
 [0.88650816 0.88388167 0.88512579 0.88374343 0.88982582 0.88692286
  0.88180813 0.88885817 0.89328173 0.88941111]
 [0.88194636 0.88650816 0.88789052 0.87945811 0.88802875 0.87696986
  0.88374343 0.89189936 0.88761404 0.88581698]
 [0.88609345 0.88927288 0.87779928 0.88388167 0.89411114 0.88042577
  0.8836052  0.88609345 0.88581698 0.88332873]
 [0.88830523 0.88401991 0.88277578 0.88429638 0.88415814 0.88125518
  0.88401991 0.89189936 0.88664639 0.88332873]
 [0.87779928 0.88014929 0.88415814 0.88374343 0.88415814 0.88775228
  0.88374343 0.88692286 0.88830523 0.88540227]
 [0.88222284 0.88097871 0.87766105 0.88153166 0.8855405  0.87793752
  0.88484932 0.88623168 0.87973459 0.88042577]
 [0.88747581 0.87931988 0.88346696 0.88374343 0.8855405  0.88664639
  0.88194636 0.8836052  0.88498756 0.88747581]
 [0.8836052  0.88249931 0.88305225 0.88346696 0.88401991 0.8855405
  0.88913464 0.88194636 0.88775228 0.88429638]
 [0.87931988 0.87475809 0.87904341 0.88305225 0.8855405  0.88388167
  0.88789052 0.88540227 0.88844346 0.88844346]
 [0.87849046 0.88014929 0.88001106 0.8855405  0.88595521 0.88789052
  0.88249931 0.88484932 0.88913464 0.88305225]
 [0.88650816 0.87544927 0.88236107 0.87323749 0.88623168 0.87876693
  0.88996406 0.88540227 0.8855405  0.88277578]
 [0.8855405  0.88180813 0.88484932 0.8836052  0.8855405  0.88194636
  0.87931988 0.88789052 0.88139342 0.88153166]
 [0.87876693 0.8751728  0.88028753 0.88830523 0.88332873 0.88111695
  0.88097871 0.88954935 0.87724634 0.88802875]
 [0.87655516 0.87793752 0.8771081  0.88401991 0.88277578 0.87835223
  0.88305225 0.88664639 0.87987282 0.87987282]
 [0.88111695 0.87959635 0.87572574 0.88388167 0.88291402 0.88014929
  0.88180813 0.88166989 0.87904341 0.88194636]]