bank/DT1

[  289   873  1458  2043  2627  3212  3796  4381  4966  5550  6135  6719
  7304  7888  8473  9058  9642 10227 10811 11396 11981 12565 13150 13734
 14319 14903 15488 16073 16657 17242 17826 18411 18996 19580 20165 20749
 21334 21918 22503 23088 23672 24257 24841 25426 26011 26595 27180 27764
 28349 28934]

[[0.86851211 0.91349481 0.89965398 0.88927336 0.91349481 0.88235294
  0.88235294 0.88235294 0.89965398 0.90311419]
 [0.89461627 0.90492554 0.89690722 0.93356243 0.90378007 0.90034364
  0.91408935 0.89690722 0.90263459 0.90950745]
 [0.89163237 0.90809328 0.90672154 0.92043896 0.90192044 0.90603567
  0.91769547 0.90740741 0.90740741 0.90603567]
 [0.89769946 0.90944689 0.89965737 0.92217327 0.91042584 0.90602056
  0.91825746 0.90406265 0.90846794 0.90699951]
 [0.89950514 0.90940236 0.91016368 0.91663494 0.90711839 0.90711839
  0.92044157 0.90445375 0.90978302 0.90826037]
 [0.90379826 0.91002491 0.90846824 0.91749689 0.90660025 0.90784558
  0.91998755 0.90940224 0.91594022 0.90473225]
 [0.90648051 0.90964173 0.90990516 0.91227608 0.90964173 0.9101686
  0.91886196 0.90727081 0.91517387 0.91069547]
 [0.90938142 0.9128053  0.9128053  0.9155444  0.90960968 0.91120749
  0.91988131 0.90732709 0.91303355 0.9155444 ]
 [0.90857833 0.91240435 0.91159887 0.916029   0.91220298 0.91200161
  0.91784132 0.90737012 0.91280709 0.90958518]
 [0.91063063 0.91279279 0.91423423 0.91675676 0.91099099 0.90900901
  0.91837838 0.90990991 0.91567568 0.90918919]
 [0.91361043 0.91638142 0.91198044 0.91703341 0.91230644 0.91198044
  0.9193154  0.90546047 0.91393643 0.91100244]
 [0.9130823  0.9168031  0.91293347 0.9163566  0.91605894 0.90980801
  0.91858908 0.90876619 0.91412413 0.91263581]
 [0.91182913 0.91662103 0.91538883 0.9162103  0.91087076 0.91210296
  0.91922234 0.91155531 0.91292442 0.91196605]
 [0.91556795 0.913286   0.91468053 0.91721602 0.90960953 0.91252535
  0.92190669 0.91049696 0.91721602 0.90998986]
 [0.91573233 0.9156143  0.91526024 0.91514222 0.91136551 0.91089343
  0.92092529 0.91042134 0.91455211 0.91278178]
 [0.91664827 0.91499227 0.91410907 0.91819386 0.91388828 0.91079709
  0.91786266 0.90803709 0.91432987 0.91201148]
 [0.91526654 0.91723709 0.91464426 0.91848164 0.91422941 0.91557768
  0.91785937 0.91049575 0.91547397 0.91267372]
 [0.91737557 0.91532219 0.91405104 0.91649555 0.91571331 0.91395326
  0.91894006 0.91092207 0.91561553 0.91502885]
 [0.91554898 0.91721395 0.914254   0.91952641 0.91490149 0.91212654
  0.91971141 0.91249653 0.9145315  0.91388401]
 [0.91856792 0.91575992 0.91479466 0.92128817 0.91505792 0.91374166
  0.91891892 0.91207441 0.91540892 0.91391716]
 [0.91653451 0.91661798 0.91670144 0.91987313 0.91478174 0.91469827
  0.9199566  0.91352976 0.91394708 0.91419748]
 [0.91595702 0.91508158 0.91500199 0.91818544 0.91444489 0.91420613
  0.91929964 0.91412654 0.91579785 0.9143653 ]
 [0.9156654  0.9181749  0.91490494 0.91809886 0.91543726 0.91688213
  0.91855513 0.91262357 0.91612167 0.91444867]
 [0.91597495 0.91764963 0.91510121 0.92019805 0.91604776 0.91575652
  0.91874181 0.91291685 0.91728557 0.91357216]
 [0.91898876 0.91933794 0.91514771 0.92059501 0.91423982 0.91668413
  0.91884908 0.91319226 0.91521754 0.91375096]
 [0.91833859 0.9200161  0.91632557 0.9191438  0.91585587 0.91659397
  0.9190096  0.91310474 0.91605717 0.91525196]
 [0.91741994 0.91864669 0.91612862 0.92032541 0.91664514 0.91716167
  0.91974432 0.91419163 0.91554752 0.91399793]
 [0.91918124 0.92036334 0.91656816 0.91986561 0.91700367 0.91843464
  0.91899459 0.91457724 0.91700367 0.91663037]
 [0.91877289 0.91751216 0.9153509  0.91877289 0.91757219 0.91643153
  0.92015369 0.91565108 0.91649157 0.91679174]
 [0.91758497 0.91700499 0.91787496 0.91787496 0.91770096 0.91990488
  0.91961489 0.91480107 0.91764296 0.91613502]
 [0.91804106 0.91893863 0.91776057 0.91860204 0.91837765 0.92045327
  0.91899473 0.91523617 0.91787277 0.91798497]
 [0.91760361 0.91809244 0.91733203 0.91950464 0.91668025 0.92080821
  0.91972191 0.91635435 0.92010211 0.91695182]
 [0.91724574 0.91882502 0.91714045 0.91914087 0.9189303  0.91961466
  0.91982523 0.91477153 0.91982523 0.91650874]
 [0.91910112 0.91925434 0.91787538 0.91833504 0.91782431 0.91756895
  0.92058223 0.91639428 0.92201226 0.91782431]
 [0.91812546 0.91926606 0.91877015 0.91807587 0.91772874 0.91896851
  0.92070419 0.91772874 0.92154724 0.91703447]
 [0.91826112 0.91989975 0.91869488 0.91840571 0.91700805 0.91932141
  0.92168297 0.91695985 0.92071907 0.91787556]
 [0.91844005 0.91825255 0.92008062 0.91858067 0.91698697 0.91994
  0.92134621 0.91783069 0.92031499 0.91736196]
 [0.91992883 0.91892508 0.91965508 0.91897071 0.91837759 0.91801259
  0.92056757 0.91741947 0.92148006 0.91778447]
 [0.91961072 0.91952184 0.91943296 0.91876639 0.91752211 0.91872195
  0.9188997  0.91738879 0.92076612 0.91778874]
 [0.91995842 0.91852911 0.91926542 0.91904886 0.91796604 0.91852911
  0.91904886 0.91757623 0.91987179 0.91822592]
 [0.9197364  0.91889152 0.91931396 0.91758195 0.9165681  0.91914498
  0.91977864 0.91745522 0.9193562  0.91872254]
 [0.91895123 0.91998186 0.91969328 0.91713732 0.91721977 0.91804428
  0.91886878 0.91697242 0.92018799 0.92027044]
 [0.91948794 0.91948794 0.91956846 0.91735437 0.91791796 0.91920615
  0.91904513 0.91667002 0.92097742 0.91912564]
 [0.91968851 0.91996382 0.91960985 0.91768269 0.91905923 0.91898057
  0.91984583 0.91587352 0.92055376 0.91957052]
 [0.91964938 0.92053362 0.91918804 0.9186498  0.91795779 0.91834224
  0.91876514 0.91684287 0.92003383 0.91968782]
 [0.92017296 0.92051137 0.91957135 0.91881933 0.91833051 0.91821771
  0.91942094 0.91701448 0.91983456 0.91953375]
 [0.92067697 0.92030905 0.91869021 0.91799117 0.92005151 0.92075055
  0.91968359 0.91688742 0.92016188 0.92045622]
 [0.91971618 0.91989627 0.91870768 0.91903184 0.91827546 0.92000432
  0.9187437  0.91780723 0.92025645 0.92040052]
 [0.92031465 0.92070267 0.91883312 0.91876257 0.91922114 0.91869202
  0.91932696 0.91840982 0.92080849 0.91978553]
 [0.91967927 0.91961015 0.91905716 0.91888436 0.92019769 0.92023225
  0.91802032 0.91895348 0.9208198  0.91954102]]

[[0.88014929 0.88166989 0.87931988 0.88346696 0.88567874 0.88153166
  0.88415814 0.88692286 0.88222284 0.88388167]
 [0.87420514 0.87904341 0.89535527 0.89867293 0.8870611  0.88692286
  0.87876693 0.90254354 0.88332873 0.88153166]
 [0.87793752 0.88512579 0.89742881 0.89867293 0.88346696 0.89729057
  0.89881117 0.89894941 0.89729057 0.88374343]
 [0.88540227 0.89245231 0.88678463 0.89286702 0.89535527 0.87904341
  0.89259054 0.89286702 0.89162289 0.88567874]
 [0.88830523 0.89259054 0.89881117 0.87945811 0.890517   0.88871993
  0.89715234 0.88844346 0.89908764 0.88871993]
 [0.88747581 0.89162289 0.89950235 0.88401991 0.89590821 0.89604645
  0.89148466 0.89494056 0.89024053 0.89494056]
 [0.89037877 0.88885817 0.89770528 0.89715234 0.88581698 0.88692286
  0.8954935  0.89756704 0.8935582  0.89811999]
 [0.89369643 0.89217584 0.89397291 0.88968759 0.90240531 0.89908764
  0.89576998 0.90212884 0.88733757 0.89217584]
 [0.89217584 0.89217584 0.89452585 0.89328173 0.89134642 0.88954935
  0.89106995 0.89867293 0.89010229 0.88775228]
 [0.88733757 0.88471109 0.89659939 0.89231407 0.8935582  0.89438761
  0.89618468 0.90185236 0.88802875 0.89715234]
 [0.89120818 0.88844346 0.89991706 0.89383467 0.89259054 0.89065524
  0.89977882 0.90157589 0.89010229 0.90088471]
 [0.8885817  0.89259054 0.8935582  0.89010229 0.88678463 0.89936411
  0.89715234 0.90171413 0.89024053 0.89798175]
 [0.8935582  0.890517   0.89106995 0.8920376  0.89687586 0.89286702
  0.90378767 0.90157589 0.89176113 0.89825823]
 [0.8935582  0.89480232 0.89535527 0.89742881 0.89037877 0.89314349
  0.89798175 0.89950235 0.8985347  0.89977882]
 [0.89217584 0.89259054 0.890517   0.89452585 0.89825823 0.89341996
  0.89742881 0.90475532 0.89825823 0.89452585]
 [0.89729057 0.89134642 0.89466409 0.89632292 0.89494056 0.89659939
  0.90282002 0.90392591 0.89535527 0.89673763]
 [0.89383467 0.89259054 0.8935582  0.89770528 0.89590821 0.89328173
  0.90364943 0.90599945 0.89065524 0.89839646]
 [0.89189936 0.89286702 0.89424938 0.89507879 0.90337296 0.89369643
  0.90489356 0.90282002 0.89438761 0.90489356]
 [0.89300525 0.89438761 0.89466409 0.89673763 0.90074647 0.89604645
  0.89867293 0.90461709 0.89590821 0.90517003]
 [0.89189936 0.89494056 0.89106995 0.89991706 0.89977882 0.89259054
  0.90323472 0.90641416 0.89411114 0.9019906 ]
 [0.89521703 0.89535527 0.88761404 0.89977882 0.90005529 0.89286702
  0.89756704 0.90447885 0.89466409 0.90558474]
 [0.89383467 0.89328173 0.88692286 0.89742881 0.89756704 0.89659939
  0.89825823 0.90378767 0.89659939 0.90475532]
 [0.89867293 0.89922588 0.89176113 0.89922588 0.89839646 0.89563174
  0.89894941 0.9069671  0.89535527 0.89936411]
 [0.89825823 0.89452585 0.89162289 0.89798175 0.89964059 0.89286702
  0.90295825 0.90586121 0.89452585 0.89894941]
 [0.89576998 0.89784352 0.89411114 0.89507879 0.90033177 0.89176113
  0.90088471 0.90613768 0.89563174 0.90005529]
 [0.89217584 0.89646116 0.89341996 0.89217584 0.89507879 0.89411114
  0.90309649 0.90627592 0.89632292 0.90655239]
 [0.89604645 0.89687586 0.89563174 0.89659939 0.89729057 0.8935582
  0.90088471 0.90295825 0.89687586 0.90337296]
 [0.89673763 0.89632292 0.89134642 0.89659939 0.89729057 0.89936411
  0.90226707 0.90503179 0.89480232 0.90378767]
 [0.89576998 0.8970141  0.89217584 0.89383467 0.89715234 0.8970141
  0.89770528 0.90268178 0.88941111 0.90074647]
 [0.89452585 0.90088471 0.89452585 0.89494056 0.90116118 0.89908764
  0.90060824 0.90461709 0.89093171 0.90005529]
 [0.89646116 0.89867293 0.89867293 0.89839646 0.90088471 0.89756704
  0.90019353 0.90226707 0.89715234 0.90295825]
 [0.8970141  0.89991706 0.8954935  0.89715234 0.89977882 0.89494056
  0.89964059 0.90268178 0.89618468 0.90282002]
 [0.89867293 0.90129942 0.89438761 0.89867293 0.90212884 0.89618468
  0.89825823 0.90088471 0.89894941 0.90019353]
 [0.89576998 0.89950235 0.89590821 0.89839646 0.89977882 0.90157589
  0.90019353 0.90461709 0.89894941 0.90586121]
 [0.89480232 0.89977882 0.89300525 0.89784352 0.89784352 0.89867293
  0.90309649 0.90779652 0.89936411 0.90434061]
 [0.89259054 0.90047    0.89715234 0.89466409 0.89742881 0.89784352
  0.90765828 0.9019906  0.90185236 0.90309649]
 [0.89231407 0.90074647 0.89618468 0.89742881 0.90143766 0.89535527
  0.90226707 0.90904064 0.90212884 0.90323472]
 [0.8970141  0.8985347  0.8920376  0.89715234 0.90337296 0.89618468
  0.90378767 0.91139066 0.90116118 0.90447885]
 [0.89687586 0.90005529 0.89576998 0.90129942 0.89646116 0.89825823
  0.90530827 0.90890241 0.90323472 0.90337296]
 [0.89632292 0.89825823 0.89659939 0.90060824 0.89770528 0.89742881
  0.89936411 0.90807299 0.90212884 0.90406414]
 [0.89424938 0.89535527 0.8954935  0.89673763 0.90212884 0.89922588
  0.90047    0.90945535 0.90586121 0.90116118]
 [0.89646116 0.89618468 0.89991706 0.90295825 0.9035112  0.90047
  0.90282002 0.91097595 0.90295825 0.90793475]
 [0.89715234 0.90074647 0.89521703 0.90212884 0.9019906  0.90212884
  0.90019353 0.90779652 0.90212884 0.90323472]
 [0.89922588 0.90599945 0.89341996 0.89811999 0.90461709 0.90074647
  0.90088471 0.90613768 0.90254354 0.90254354]
 [0.89618468 0.90710534 0.89328173 0.89798175 0.90005529 0.89673763
  0.90572297 0.90392591 0.90088471 0.90088471]
 [0.89480232 0.90420238 0.8954935  0.89908764 0.90019353 0.90005529
  0.90752004 0.90295825 0.89894941 0.90060824]
 [0.89646116 0.90586121 0.89397291 0.89742881 0.90074647 0.89991706
  0.9054465  0.9054465  0.90005529 0.90116118]
 [0.89300525 0.90171413 0.89715234 0.90392591 0.90116118 0.89798175
  0.90517003 0.90364943 0.90102295 0.89964059]
 [0.89286702 0.89715234 0.89411114 0.90240531 0.90143766 0.89936411
  0.90323472 0.90102295 0.90447885 0.90558474]
 [0.89521703 0.89867293 0.89576998 0.90212884 0.9019906  0.90157589
  0.90364943 0.90447885 0.90337296 0.9035112 ]]