bank/DT2

[1, 2, 3, 4, 5, 6, 7, 8, 9, 10, 11, 12, 13, 14, 15, 16, 17, 18, 19, 20, 21, 22, 23, 24, 25, 26, 27, 28, 29, 30, 31, 32, 33, 34, 35, 36, 37, 38, 39, 40, 41, 42, 43, 44, 45, 46, 47, 48, 49]

[[1.         1.         1.         1.         1.         1.
  1.         1.         1.         1.        ]
 [0.9785028  0.97860648 0.98029999 0.98005806 0.9791249  0.97936683
  0.97794982 0.97829543 0.97905578 0.97839912]
 [0.96858367 0.96799613 0.96765051 0.96903297 0.96913666 0.96847999
  0.96886016 0.96733946 0.96792701 0.96744315]
 [0.95697104 0.95835349 0.95783507 0.95828437 0.9579042  0.95773139
  0.95835349 0.95624525 0.95842262 0.95721297]
 [0.9515449  0.95258174 0.95147577 0.95161402 0.95178683 0.95268542
  0.95285823 0.95033525 0.95237437 0.95254718]
 [0.94656805 0.94674086 0.94584226 0.94570402 0.94653349 0.94722472
  0.94618788 0.94501279 0.94712103 0.94656805]
 [0.942317   0.94304279 0.94217875 0.94283542 0.94252437 0.94401051
  0.94280086 0.94145296 0.94314647 0.94224787]
 [0.93906822 0.9385498  0.93924103 0.93886086 0.93906822 0.9398977
  0.93979401 0.93848068 0.94007051 0.93872261]
 [0.93675261 0.93616507 0.93664893 0.93723647 0.93668349 0.93761664
  0.93695998 0.93557752 0.93778945 0.93630331]
 [0.93364208 0.93405682 0.93402226 0.93454068 0.93454068 0.93592314
  0.93467892 0.93340015 0.93495542 0.93364208]
 [0.93205226 0.93239787 0.93187945 0.93274349 0.93291629 0.93239787
  0.9330891  0.93177577 0.93288173 0.93122278]
 [0.93060068 0.93004769 0.93035875 0.93073892 0.93139559 0.93091173
  0.93143015 0.92956383 0.93149927 0.92859612]
 [0.92935647 0.92890717 0.92887261 0.9295984  0.9297712  0.92963296
  0.9295984  0.92814682 0.93028962 0.92773208]
 [0.92693717 0.92811226 0.92742103 0.92745559 0.9286998  0.92863068
  0.92811226 0.92721366 0.92883805 0.92728278]
 [0.92590032 0.92704085 0.92662611 0.92645331 0.9262805  0.92710997
  0.92690261 0.92590032 0.92814682 0.92576208]
 [0.92517454 0.92610769 0.92496717 0.92517454 0.92489804 0.92593489
  0.92614225 0.92389576 0.92738647 0.92545103]
 [0.92406857 0.92534734 0.9238612  0.92441418 0.92413769 0.92482892
  0.92555471 0.9232391  0.92634962 0.92479436]
 [0.92368839 0.92375752 0.92310085 0.9238612  0.92361927 0.92358471
  0.92427594 0.92237506 0.92513997 0.92420682]
 [0.92275524 0.9234119  0.92275524 0.92348103 0.92285892 0.9229626
  0.92382664 0.92161471 0.92441418 0.92313541]
 [0.92213313 0.92258243 0.92196032 0.92289348 0.92251331 0.92251331
  0.92220225 0.92075067 0.92399945 0.92282436]
 [0.92199488 0.92196032 0.92147646 0.92206401 0.92220225 0.92240962
  0.92147646 0.92050874 0.92355015 0.9214419 ]
 [0.92078524 0.9212691  0.9209926  0.92095804 0.92196032 0.92171839
  0.92106173 0.91988664 0.92258243 0.9208198 ]
 [0.92023225 0.92078524 0.92023225 0.92023225 0.92151103 0.92116541
  0.92005945 0.91922997 0.92206401 0.92047418]
 [0.92016313 0.92057787 0.9194719  0.91950646 0.92095804 0.92078524
  0.91874611 0.91912629 0.92130366 0.91967927]
 [0.91967927 0.91961015 0.91905716 0.91888436 0.92019769 0.92023225
  0.91802032 0.91895348 0.9208198  0.91954102]
 [0.91916085 0.91912629 0.91826225 0.91833137 0.9199212  0.91971383
  0.91732909 0.91833137 0.92071611 0.91912629]
 [0.91909173 0.9185733  0.91805488 0.91767471 0.91967927 0.9194719
  0.91684523 0.91694892 0.91995576 0.9188498 ]
 [0.91874611 0.91843506 0.91770927 0.91767471 0.91867699 0.91881523
  0.91667243 0.91636137 0.91954102 0.91867699]
 [0.91846962 0.91791664 0.91715629 0.91739822 0.91836594 0.9184005
  0.91636137 0.91615401 0.91922997 0.91843506]
 [0.91746734 0.91788208 0.91677611 0.91663787 0.91784752 0.91764015
  0.91532453 0.91591208 0.91912629 0.91819313]
 [0.9168798  0.91722541 0.91653418 0.91584295 0.91719085 0.91715629
  0.91470243 0.91532453 0.91891892 0.91819313]
 [0.9168798  0.91698348 0.91605032 0.9155319  0.91729453 0.91708716
  0.91442593 0.9146333  0.91878067 0.91743278]
 [0.91646506 0.91694892 0.91577383 0.91511716 0.9168798  0.9166033
  0.91421857 0.91439137 0.91860787 0.91684523]
 [0.91625769 0.91653418 0.91522085 0.91452962 0.9166033  0.91587751
  0.91387295 0.91425313 0.91743278 0.91656874]
 [0.91611944 0.9159812  0.91480611 0.91421857 0.91622313 0.91542822
  0.91387295 0.91414944 0.91722541 0.91646506]
 [0.91577383 0.9155319  0.91425313 0.91397664 0.91539365 0.91528997
  0.91342365 0.9131126  0.91663787 0.91577383]
 [0.91532453 0.91546278 0.91404576 0.9135619  0.91532453 0.91504804
  0.9131126  0.9124905  0.91629225 0.91532453]
 [0.91494436 0.91539365 0.91366558 0.91325085 0.91494436 0.91452962
  0.91290523 0.91235225 0.91577383 0.9146333 ]
 [0.91484067 0.9146333  0.91331997 0.91259418 0.91480611 0.91439137
  0.91252506 0.91217944 0.91539365 0.9144605 ]
 [0.91459874 0.91421857 0.91297436 0.91224857 0.91466786 0.91404576
  0.91235225 0.91190295 0.91477155 0.91394208]
 [0.91459874 0.91411488 0.91290523 0.91193751 0.91380383 0.91394208
  0.91217944 0.91186839 0.9146333  0.91376927]
 [0.91428769 0.9135619  0.91259418 0.91197207 0.91325085 0.91383839
  0.91214488 0.91179927 0.91428769 0.91380383]
 [0.91345822 0.91314716 0.91255962 0.91166102 0.91314716 0.91373471
  0.91183383 0.91179927 0.91390751 0.91321629]
 [0.91345822 0.91304348 0.91207576 0.91128085 0.91273243 0.91338909
  0.91197207 0.91169558 0.91387295 0.91307804]
 [0.91259418 0.91318172 0.91197207 0.91096979 0.91242137 0.91307804
  0.91138453 0.91134997 0.91342365 0.91290523]
 [0.9124905  0.91307804 0.91197207 0.91076242 0.91217944 0.91304348
  0.91131541 0.91079699 0.9131126  0.91283611]
 [0.91211032 0.91307804 0.91155734 0.91034769 0.91207576 0.91287067
  0.91124628 0.91038225 0.9131126  0.9126633 ]
 [0.9120412  0.91300892 0.91141909 0.91031313 0.91183383 0.91287067
  0.91096979 0.91034769 0.9131126  0.91242137]
 [0.91200664 0.91300892 0.91107348 0.91020944 0.91166102 0.91287067
  0.91093523 0.90996751 0.91318172 0.91217944]]

[[0.87904341 0.87461985 0.87544927 0.8721316  0.87918164 0.86853746
  0.86701686 0.87420514 0.87600221 0.87669339]
 [0.88581698 0.88512579 0.88194636 0.87931988 0.88346696 0.87683163
  0.88222284 0.88042577 0.88526403 0.88415814]
 [0.88139342 0.88332873 0.88028753 0.87779928 0.88332873 0.87766105
  0.87959635 0.87793752 0.88222284 0.88429638]
 [0.89024053 0.89024053 0.88498756 0.88429638 0.88871993 0.88498756
  0.88415814 0.88263754 0.88899641 0.88692286]
 [0.88636992 0.89328173 0.88388167 0.88581698 0.88954935 0.88664639
  0.8855405  0.88692286 0.88941111 0.88581698]
 [0.88719934 0.89438761 0.88678463 0.89231407 0.88968759 0.89106995
  0.88609345 0.89245231 0.89106995 0.89383467]
 [0.88498756 0.89383467 0.88623168 0.89369643 0.89010229 0.89176113
  0.88733757 0.89369643 0.89217584 0.89286702]
 [0.88885817 0.89286702 0.88775228 0.89507879 0.89286702 0.89120818
  0.88941111 0.89729057 0.89231407 0.89729057]
 [0.89037877 0.89494056 0.88941111 0.89715234 0.89494056 0.89010229
  0.89148466 0.89383467 0.89563174 0.90060824]
 [0.88844346 0.89466409 0.88844346 0.89521703 0.89452585 0.8935582
  0.89106995 0.89397291 0.89825823 0.90226707]
 [0.88789052 0.89424938 0.89328173 0.89687586 0.89729057 0.89259054
  0.89286702 0.89507879 0.89798175 0.90074647]
 [0.8885817  0.89618468 0.89328173 0.89729057 0.89646116 0.89369643
  0.89576998 0.89673763 0.90033177 0.90420238]
 [0.89272878 0.8970141  0.89411114 0.8970141  0.89742881 0.89162289
  0.8954935  0.90019353 0.89922588 0.90572297]
 [0.89424938 0.90019353 0.89507879 0.89908764 0.89756704 0.89037877
  0.89563174 0.90116118 0.89825823 0.90613768]
 [0.89563174 0.90088471 0.89424938 0.90019353 0.89756704 0.89245231
  0.8970141  0.90171413 0.89991706 0.90503179]
 [0.89756704 0.89964059 0.89521703 0.90129942 0.90185236 0.89286702
  0.89811999 0.9035112  0.90240531 0.90599945]
 [0.89687586 0.90157589 0.8954935  0.9019906  0.90282002 0.89438761
  0.89618468 0.90337296 0.90226707 0.90779652]
 [0.89659939 0.89894941 0.89618468 0.9035112  0.90005529 0.89438761
  0.89563174 0.90309649 0.90088471 0.90752004]
 [0.8954935  0.89770528 0.89646116 0.90323472 0.90033177 0.89715234
  0.89811999 0.90489356 0.90060824 0.90738181]
 [0.89729057 0.89618468 0.89811999 0.90143766 0.90212884 0.89811999
  0.90129942 0.90420238 0.90157589 0.90558474]
 [0.89811999 0.89494056 0.89742881 0.90226707 0.90378767 0.89881117
  0.90088471 0.9035112  0.90295825 0.90807299]
 [0.89563174 0.89604645 0.90019353 0.90212884 0.90406414 0.89964059
  0.90157589 0.90420238 0.9035112  0.90309649]
 [0.8954935  0.89646116 0.89825823 0.9019906  0.90309649 0.90033177
  0.90378767 0.90406414 0.90420238 0.90392591]
 [0.89507879 0.89673763 0.89798175 0.90268178 0.90240531 0.90088471
  0.9035112  0.90420238 0.90406414 0.90295825]
 [0.89521703 0.89894941 0.89576998 0.90254354 0.9019906  0.90157589
  0.90378767 0.90447885 0.9035112  0.90337296]
 [0.8954935  0.89908764 0.89742881 0.90337296 0.90212884 0.90240531
  0.90627592 0.90599945 0.90392591 0.90378767]
 [0.89480232 0.89881117 0.89659939 0.90102295 0.90254354 0.90226707
  0.90641416 0.90489356 0.9035112  0.90461709]
 [0.89452585 0.89964059 0.89646116 0.90185236 0.90378767 0.90102295
  0.9054465  0.90613768 0.90282002 0.90420238]
 [0.89604645 0.89991706 0.89687586 0.90240531 0.90558474 0.89991706
  0.90489356 0.9054465  0.90212884 0.90420238]
 [0.89729057 0.90088471 0.89742881 0.90268178 0.90572297 0.89964059
  0.90461709 0.90503179 0.9019906  0.9035112 ]
 [0.89784352 0.9019906  0.89922588 0.90226707 0.90558474 0.90088471
  0.90337296 0.90558474 0.90019353 0.90337296]
 [0.89784352 0.90226707 0.90060824 0.90226707 0.90475532 0.90033177
  0.9035112  0.90572297 0.90102295 0.90226707]
 [0.89770528 0.90282002 0.90088471 0.90309649 0.90337296 0.90019353
  0.90337296 0.90530827 0.90088471 0.90185236]
 [0.89452585 0.90337296 0.89950235 0.90309649 0.90309649 0.89991706
  0.90392591 0.90489356 0.89964059 0.90268178]
 [0.89452585 0.90475532 0.90116118 0.90185236 0.90268178 0.89825823
  0.90503179 0.90627592 0.90033177 0.90295825]
 [0.89397291 0.90447885 0.89950235 0.90226707 0.90185236 0.90019353
  0.90420238 0.90682886 0.90268178 0.90240531]
 [0.89424938 0.90517003 0.89977882 0.90254354 0.90226707 0.90102295
  0.90434061 0.90641416 0.90282002 0.90323472]
 [0.89438761 0.90503179 0.89908764 0.90171413 0.9019906  0.90088471
  0.90392591 0.90655239 0.90268178 0.90019353]
 [0.89632292 0.90392591 0.89950235 0.90033177 0.90033177 0.90033177
  0.90323472 0.90710534 0.90392591 0.89936411]
 [0.89507879 0.90309649 0.90088471 0.89950235 0.90088471 0.89964059
  0.90171413 0.90738181 0.90268178 0.90033177]
 [0.89507879 0.90129942 0.90033177 0.89977882 0.90226707 0.89936411
  0.90309649 0.90738181 0.90240531 0.90074647]
 [0.8954935  0.90129942 0.89922588 0.89991706 0.90240531 0.89977882
  0.90337296 0.90710534 0.90309649 0.90143766]
 [0.89659939 0.90364943 0.89991706 0.90074647 0.90171413 0.89991706
  0.90406414 0.90530827 0.90129942 0.90088471]
 [0.89646116 0.90323472 0.89964059 0.90033177 0.90116118 0.89894941
  0.90406414 0.9035112  0.90129942 0.90005529]
 [0.89480232 0.90337296 0.89881117 0.89964059 0.90157589 0.89784352
  0.90364943 0.90268178 0.9035112  0.89894941]
 [0.89480232 0.90309649 0.89881117 0.89964059 0.90323472 0.89825823
  0.90475532 0.90240531 0.90282002 0.89867293]
 [0.89507879 0.90309649 0.8985347  0.89936411 0.90309649 0.89936411
  0.90461709 0.90240531 0.90268178 0.8985347 ]
 [0.89521703 0.9019906  0.89881117 0.89867293 0.90406414 0.89936411
  0.9054465  0.90254354 0.90282002 0.8985347 ]
 [0.89438761 0.9019906  0.89881117 0.89811999 0.90392591 0.89936411
  0.90378767 0.90282002 0.90309649 0.89825823]]