bank/DT3

[1, 2, 3, 4, 5, 6, 7, 8, 9, 10, 11, 12, 13, 14, 15, 16, 17, 18, 19, 20, 21, 22, 23, 24, 25, 26, 27, 28, 29, 30, 31, 32, 33, 34, 35, 36, 37, 38, 39, 40, 41, 42, 43, 44, 45, 46, 47, 48, 49]

[[0.8839082  0.88352803 0.88411557 0.88307873 0.88252575 0.88356259
  0.88290592 0.8822147  0.88338978 0.88297505]
 [0.89814751 0.8973526  0.89669593 0.89558996 0.89714523 0.89745628
  0.89590102 0.89216838 0.8911661  0.89683417]
 [0.9032626  0.9028133  0.90270961 0.90198383 0.89997926 0.900394
  0.90229488 0.90053225 0.90080874 0.9019147 ]
 [0.90436856 0.9034354  0.9032626  0.90267505 0.90246769 0.90302067
  0.90291698 0.90098154 0.90080874 0.9019147 ]
 [0.90557821 0.90464505 0.9047833  0.90353909 0.90336628 0.90426488
  0.90419576 0.90336628 0.90308979 0.9037119 ]
 [0.9081012  0.90633856 0.90647681 0.90713348 0.90661505 0.90685698
  0.90547453 0.90582014 0.90547453 0.90637313]
 [0.91034769 0.9078247  0.90806663 0.90958734 0.90837769 0.90865418
  0.90830856 0.90775558 0.90651137 0.90913804]
 [0.91173014 0.91065874 0.91173014 0.91090067 0.90972558 0.91058962
  0.91058962 0.90927628 0.910244   0.91224857]
 [0.91376927 0.91325085 0.91380383 0.91325085 0.91349278 0.91573927
  0.91262874 0.91183383 0.91359646 0.9146333 ]
 [0.91629225 0.91667243 0.91656874 0.91501348 0.91618857 0.91681067
  0.91494436 0.91459874 0.91611944 0.91788208]
 [0.91853874 0.91843506 0.91819313 0.91663787 0.9185733  0.91922997
  0.91708716 0.91719085 0.91822769 0.91888436]
 [0.91919541 0.91867699 0.91867699 0.91812401 0.91974839 0.91974839
  0.91784752 0.91764015 0.91905716 0.91929909]
 [0.9194719  0.91940278 0.91867699 0.91836594 0.92009401 0.91974839
  0.91802032 0.91829681 0.9199212  0.91954102]
 [0.91967927 0.91961015 0.91905716 0.91867699 0.92019769 0.92002488
  0.91802032 0.91895348 0.92033594 0.91954102]
 [0.91967927 0.91961015 0.91905716 0.91888436 0.92019769 0.92023225
  0.91802032 0.91895348 0.9208198  0.91954102]
 [0.91967927 0.91961015 0.91905716 0.91888436 0.92019769 0.92023225
  0.91802032 0.91895348 0.9208198  0.91954102]
 [0.91967927 0.91961015 0.91905716 0.91888436 0.92019769 0.92023225
  0.91802032 0.91895348 0.9208198  0.91954102]
 [0.91967927 0.91961015 0.91905716 0.91888436 0.92019769 0.92023225
  0.91802032 0.91895348 0.9208198  0.91954102]
 [0.91967927 0.91961015 0.91905716 0.91888436 0.92019769 0.92023225
  0.91802032 0.91895348 0.9208198  0.91954102]
 [0.91967927 0.91961015 0.91905716 0.91888436 0.92019769 0.92023225
  0.91802032 0.91895348 0.9208198  0.91954102]
 [0.91967927 0.91961015 0.91905716 0.91888436 0.92019769 0.92023225
  0.91802032 0.91895348 0.9208198  0.91954102]
 [0.91967927 0.91961015 0.91905716 0.91888436 0.92019769 0.92023225
  0.91802032 0.91895348 0.9208198  0.91954102]
 [0.91967927 0.91961015 0.91905716 0.91888436 0.92019769 0.92023225
  0.91802032 0.91895348 0.9208198  0.91954102]
 [0.91967927 0.91961015 0.91905716 0.91888436 0.92019769 0.92023225
  0.91802032 0.91895348 0.9208198  0.91954102]
 [0.91967927 0.91961015 0.91905716 0.91888436 0.92019769 0.92023225
  0.91802032 0.91895348 0.9208198  0.91954102]
 [0.91967927 0.91961015 0.91905716 0.91888436 0.92019769 0.92023225
  0.91802032 0.91895348 0.9208198  0.91954102]
 [0.91967927 0.91961015 0.91905716 0.91888436 0.92019769 0.92023225
  0.91802032 0.91895348 0.9208198  0.91954102]
 [0.91967927 0.91961015 0.91905716 0.91888436 0.92019769 0.92023225
  0.91802032 0.91895348 0.9208198  0.91954102]
 [0.91967927 0.91961015 0.91905716 0.91888436 0.92019769 0.92023225
  0.91802032 0.91895348 0.9208198  0.91954102]
 [0.91967927 0.91961015 0.91905716 0.91888436 0.92019769 0.92023225
  0.91802032 0.91895348 0.9208198  0.91954102]
 [0.91967927 0.91961015 0.91905716 0.91888436 0.92019769 0.92023225
  0.91802032 0.91895348 0.9208198  0.91954102]
 [0.91967927 0.91961015 0.91905716 0.91888436 0.92019769 0.92023225
  0.91802032 0.91895348 0.9208198  0.91954102]
 [0.91967927 0.91961015 0.91905716 0.91888436 0.92019769 0.92023225
  0.91802032 0.91895348 0.9208198  0.91954102]
 [0.91967927 0.91961015 0.91905716 0.91888436 0.92019769 0.92023225
  0.91802032 0.91895348 0.9208198  0.91954102]
 [0.91967927 0.91961015 0.91905716 0.91888436 0.92019769 0.92023225
  0.91802032 0.91895348 0.9208198  0.91954102]
 [0.91967927 0.91961015 0.91905716 0.91888436 0.92019769 0.92023225
  0.91802032 0.91895348 0.9208198  0.91954102]
 [0.91967927 0.91961015 0.91905716 0.91888436 0.92019769 0.92023225
  0.91802032 0.91895348 0.9208198  0.91954102]
 [0.91967927 0.91961015 0.91905716 0.91888436 0.92019769 0.92023225
  0.91802032 0.91895348 0.9208198  0.91954102]
 [0.91967927 0.91961015 0.91905716 0.91888436 0.92019769 0.92023225
  0.91802032 0.91895348 0.9208198  0.91954102]
 [0.91967927 0.91961015 0.91905716 0.91888436 0.92019769 0.92023225
  0.91802032 0.91895348 0.9208198  0.91954102]
 [0.91967927 0.91961015 0.91905716 0.91888436 0.92019769 0.92023225
  0.91802032 0.91895348 0.9208198  0.91954102]
 [0.91967927 0.91961015 0.91905716 0.91888436 0.92019769 0.92023225
  0.91802032 0.91895348 0.9208198  0.91954102]
 [0.91967927 0.91961015 0.91905716 0.91888436 0.92019769 0.92023225
  0.91802032 0.91895348 0.9208198  0.91954102]
 [0.91967927 0.91961015 0.91905716 0.91888436 0.92019769 0.92023225
  0.91802032 0.91895348 0.9208198  0.91954102]
 [0.91967927 0.91961015 0.91905716 0.91888436 0.92019769 0.92023225
  0.91802032 0.91895348 0.9208198  0.91954102]
 [0.91967927 0.91961015 0.91905716 0.91888436 0.92019769 0.92023225
  0.91802032 0.91895348 0.9208198  0.91954102]
 [0.91967927 0.91961015 0.91905716 0.91888436 0.92019769 0.92023225
  0.91802032 0.91895348 0.9208198  0.91954102]
 [0.91967927 0.91961015 0.91905716 0.91888436 0.92019769 0.92023225
  0.91802032 0.91895348 0.9208198  0.91954102]
 [0.91967927 0.91961015 0.91905716 0.91888436 0.92019769 0.92023225
  0.91802032 0.91895348 0.9208198  0.91954102]]

[[0.88014929 0.88166989 0.87931988 0.88346696 0.88567874 0.88153166
  0.88415814 0.88692286 0.88222284 0.88388167]
 [0.89093171 0.89590821 0.89480232 0.89590821 0.89811999 0.89659939
  0.89618468 0.89411114 0.89742881 0.89770528]
 [0.8970141  0.90060824 0.89881117 0.90005529 0.90047    0.89991706
  0.90212884 0.90337296 0.90282002 0.90185236]
 [0.89729057 0.90060824 0.89908764 0.89991706 0.90420238 0.90185236
  0.90240531 0.90364943 0.90282002 0.90185236]
 [0.89867293 0.89839646 0.89908764 0.90005529 0.9035112  0.89922588
  0.90309649 0.90530827 0.90323472 0.90254354]
 [0.89908764 0.89977882 0.89922588 0.90129942 0.90364943 0.9035112
  0.90157589 0.90420238 0.90461709 0.90364943]
 [0.89908764 0.89936411 0.89867293 0.90185236 0.90282002 0.90282002
  0.90475532 0.90489356 0.9054465  0.90060824]
 [0.89881117 0.89798175 0.89922588 0.90171413 0.90254354 0.90171413
  0.9035112  0.90475532 0.9035112  0.90060824]
 [0.89715234 0.90143766 0.89729057 0.90019353 0.90364943 0.90226707
  0.90323472 0.90655239 0.90226707 0.90364943]
 [0.89729057 0.90129942 0.89521703 0.90116118 0.90461709 0.90033177
  0.9035112  0.9054465  0.90489356 0.90337296]
 [0.89659939 0.89936411 0.89576998 0.90060824 0.90447885 0.89964059
  0.90254354 0.90558474 0.90406414 0.90295825]
 [0.89646116 0.90060824 0.89659939 0.90019353 0.90226707 0.90060824
  0.90420238 0.90447885 0.90392591 0.90268178]
 [0.89563174 0.89894941 0.89659939 0.90157589 0.90143766 0.90060824
  0.90378767 0.90475532 0.90434061 0.90282002]
 [0.89521703 0.89867293 0.89576998 0.90116118 0.90171413 0.90074647
  0.90364943 0.90447885 0.90254354 0.90268178]
 [0.89480232 0.89922588 0.89576998 0.90254354 0.90171413 0.90157589
  0.90378767 0.90447885 0.9035112  0.90268178]
 [0.89521703 0.89894941 0.89576998 0.90254354 0.90157589 0.90157589
  0.90364943 0.90447885 0.90337296 0.9035112 ]
 [0.89480232 0.89867293 0.89576998 0.90212884 0.9019906  0.90157589
  0.90378767 0.90447885 0.90337296 0.9035112 ]
 [0.89521703 0.89867293 0.89576998 0.90212884 0.9019906  0.90157589
  0.90378767 0.90447885 0.90337296 0.9035112 ]
 [0.89480232 0.89867293 0.89576998 0.90212884 0.9019906  0.90157589
  0.90364943 0.90447885 0.90337296 0.9035112 ]
 [0.89521703 0.89950235 0.89576998 0.90254354 0.90129942 0.90157589
  0.90364943 0.90447885 0.9035112  0.90337296]
 [0.89480232 0.89894941 0.89576998 0.90254354 0.9019906  0.90157589
  0.90378767 0.90447885 0.90337296 0.90268178]
 [0.89521703 0.89867293 0.89576998 0.90212884 0.90129942 0.90157589
  0.90364943 0.90447885 0.90337296 0.90268178]
 [0.89480232 0.89950235 0.89576998 0.90212884 0.90171413 0.90157589
  0.90378767 0.90447885 0.90337296 0.9035112 ]
 [0.89480232 0.89894941 0.89576998 0.90212884 0.90157589 0.90157589
  0.90364943 0.90447885 0.90337296 0.90282002]
 [0.89480232 0.89950235 0.89576998 0.90254354 0.9019906  0.90157589
  0.90364943 0.90447885 0.9035112  0.90268178]
 [0.89480232 0.89894941 0.89576998 0.90254354 0.9019906  0.90157589
  0.90364943 0.90447885 0.90337296 0.90337296]
 [0.89480232 0.89950235 0.89576998 0.90254354 0.90157589 0.90157589
  0.90364943 0.90447885 0.9035112  0.90282002]
 [0.89521703 0.89922588 0.89576998 0.90254354 0.90129942 0.90157589
  0.90378767 0.90447885 0.90337296 0.90268178]
 [0.89521703 0.89950235 0.89576998 0.90254354 0.90129942 0.90157589
  0.90378767 0.90447885 0.9035112  0.90282002]
 [0.89480232 0.89922588 0.89576998 0.90254354 0.90171413 0.90157589
  0.90364943 0.90447885 0.90337296 0.90295825]
 [0.89480232 0.89894941 0.89576998 0.90254354 0.90171413 0.90157589
  0.90378767 0.90447885 0.90337296 0.9035112 ]
 [0.89480232 0.89894941 0.89576998 0.90254354 0.9019906  0.90157589
  0.90364943 0.90447885 0.90337296 0.90337296]
 [0.89480232 0.89922588 0.89576998 0.90254354 0.9019906  0.90157589
  0.90378767 0.90447885 0.90337296 0.90364943]
 [0.89521703 0.89894941 0.89576998 0.90212884 0.90157589 0.90157589
  0.90364943 0.90447885 0.90337296 0.90268178]
 [0.89480232 0.89894941 0.89576998 0.90212884 0.90157589 0.90157589
  0.90378767 0.90447885 0.90337296 0.90364943]
 [0.89480232 0.89867293 0.89576998 0.90212884 0.9019906  0.90157589
  0.90364943 0.90447885 0.9035112  0.90295825]
 [0.89521703 0.89950235 0.89576998 0.90254354 0.90157589 0.90157589
  0.90364943 0.90447885 0.9035112  0.90337296]
 [0.89480232 0.89950235 0.89576998 0.90254354 0.9019906  0.90157589
  0.90364943 0.90447885 0.90337296 0.9035112 ]
 [0.89521703 0.89894941 0.89576998 0.90254354 0.9019906  0.90157589
  0.90364943 0.90447885 0.90337296 0.90282002]
 [0.89521703 0.89950235 0.89576998 0.90254354 0.90129942 0.90157589
  0.90364943 0.90447885 0.90337296 0.90282002]
 [0.89480232 0.89894941 0.89576998 0.90212884 0.90157589 0.90157589
  0.90364943 0.90447885 0.90337296 0.90295825]
 [0.89480232 0.89867293 0.89576998 0.90254354 0.90171413 0.90157589
  0.90364943 0.90447885 0.90337296 0.90295825]
 [0.89521703 0.89867293 0.89576998 0.90212884 0.90157589 0.90157589
  0.90378767 0.90447885 0.90337296 0.90295825]
 [0.89480232 0.89922588 0.89576998 0.90254354 0.90157589 0.90157589
  0.90364943 0.90447885 0.90337296 0.9035112 ]
 [0.89480232 0.89867293 0.89576998 0.90254354 0.9019906  0.90157589
  0.90378767 0.90447885 0.90337296 0.90364943]
 [0.89480232 0.89950235 0.89576998 0.90212884 0.90129942 0.90157589
  0.90364943 0.90447885 0.9035112  0.9035112 ]
 [0.89521703 0.89922588 0.89576998 0.90254354 0.90157589 0.90157589
  0.90364943 0.90447885 0.90337296 0.90364943]
 [0.89480232 0.89922588 0.89576998 0.90254354 0.90171413 0.90157589
  0.90378767 0.90447885 0.90337296 0.90282002]
 [0.89480232 0.89867293 0.89576998 0.90212884 0.9019906  0.90157589
  0.90364943 0.90447885 0.9035112  0.90364943]]