bank/KNN1

[  289   873  1458  2043  2627  3212  3796  4381  4966  5550  6135  6719
  7304  7888  8473  9058  9642 10227 10811 11396 11981 12565 13150 13734
 14319 14903 15488 16073 16657 17242 17826 18411 18996 19580 20165 20749
 21334 21918 22503 23088 23672 24257 24841 25426 26011 26595 27180 27764
 28349 28934]

[[0.87889273 0.93079585 0.9100346  0.92387543 0.91695502 0.89619377
  0.89965398 0.89619377 0.92387543 0.92387543]
 [0.89919817 0.9117984  0.91294387 0.93241695 0.91065292 0.90034364
  0.91408935 0.90721649 0.90378007 0.91294387]
 [0.90809328 0.90946502 0.90809328 0.92112483 0.90946502 0.91426612
  0.91769547 0.91838134 0.90809328 0.91426612]
 [0.90455213 0.9114048  0.91287323 0.92462066 0.91434165 0.91727851
  0.91629956 0.90944689 0.91434165 0.9114048 ]
 [0.9151123  0.91473163 0.91549296 0.92386753 0.91929958 0.91358965
  0.91625428 0.90978302 0.91054435 0.91701561]
 [0.91407223 0.91407223 0.91905355 0.9262142  0.91811955 0.91594022
  0.91843088 0.9118929  0.91780822 0.91780822]
 [0.91438356 0.914647   0.9154373  0.92360379 0.91701791 0.91886196
  0.91780822 0.91280295 0.91517387 0.91833509]
 [0.91805524 0.91805524 0.91668569 0.92672906 0.91668569 0.91600091
  0.92147911 0.91212052 0.91371833 0.91737046]
 [0.91703584 0.91502215 0.91522352 0.92227145 0.91844543 0.91804269
  0.92005638 0.90978655 0.91421667 0.91502215]
 [0.91693694 0.91369369 0.91621622 0.9227027  0.91927928 0.91873874
  0.91945946 0.90882883 0.91855856 0.9163964 ]
 [0.91898941 0.91475143 0.91866341 0.92127139 0.9194784  0.91801141
  0.9202934  0.90986145 0.91898941 0.91850041]
 [0.92022622 0.9168031  0.91873791 0.9220122  0.92097038 0.91888674
  0.91992856 0.9102545  0.91665426 0.91977973]
 [0.92004381 0.91634721 0.91976999 0.92018072 0.92291895 0.91935926
  0.91963308 0.91223987 0.91799014 0.91730559]
 [0.91848377 0.91594828 0.92025862 0.92013185 0.9203854  0.91924442
  0.92013185 0.91214503 0.91696247 0.91658215]
 [0.91986309 0.91691255 0.91891892 0.91986309 0.91939101 0.91809277
  0.92198749 0.913962   0.91620441 0.91726661]
 [0.92073305 0.91841466 0.92051225 0.91984986 0.91852506 0.91753146
  0.92260985 0.91322588 0.91896666 0.91742106]
 [0.92117818 0.92014105 0.92076333 0.91982991 0.91951877 0.91848164
  0.92335615 0.91454055 0.91806679 0.91858536]
 [0.92246015 0.92216681 0.91845116 0.91952674 0.92040677 0.91884228
  0.92480688 0.91483328 0.91864672 0.91884228]
 [0.92257885 0.92128388 0.91850893 0.92230136 0.92137638 0.91924891
  0.92516881 0.91536398 0.91952641 0.91897142]
 [0.92234117 0.92216567 0.91839242 0.92260442 0.92120042 0.91751492
  0.92435942 0.91453141 0.91918217 0.91900667]
 [0.9221267  0.92095818 0.91812036 0.92179284 0.91987313 0.91620065
  0.9242968  0.91386362 0.91895501 0.91953927]
 [0.92200557 0.92065261 0.91802626 0.9212893  0.91858337 0.91635495
  0.92192598 0.9143653  0.91890171 0.91850378]
 [0.92205323 0.91977186 0.91870722 0.92022814 0.91840304 0.91870722
  0.92304183 0.91368821 0.91825095 0.91878327]
 [0.92136304 0.92012524 0.91845056 0.9204893  0.91954274 0.91859618
  0.92281928 0.91553808 0.918669   0.91874181]
 [0.92157274 0.91989664 0.91926811 0.92031566 0.91912843 0.91961729
  0.92303932 0.91731266 0.91919827 0.91801103]
 [0.9200832  0.919278   0.919278   0.92142522 0.9194793  0.92021741
  0.92337113 0.91719788 0.91887539 0.91867409]
 [0.92064824 0.91877583 0.91935692 0.92161674 0.92071281 0.92084194
  0.92329545 0.91709711 0.91955062 0.91909866]
 [0.92042556 0.92042556 0.91936788 0.92222983 0.92042556 0.92123437
  0.92278977 0.91719032 0.92042556 0.91893237]
 [0.92129435 0.91973345 0.91997358 0.92225491 0.91949331 0.92213484
  0.92321546 0.91667167 0.91967341 0.91883292]
 [0.92100684 0.91903491 0.92031087 0.92152882 0.91996288 0.9221668
  0.92338476 0.91700499 0.91868693 0.91926691]
 [0.92084596 0.91910692 0.92017278 0.92146303 0.92157523 0.92247279
  0.92252889 0.91792887 0.91927522 0.92000449]
 [0.92086253 0.91885286 0.92031937 0.92118842 0.92146    0.92249199
  0.92336103 0.91809244 0.9200478  0.91993917]
 [0.92114129 0.9192988  0.92019372 0.92029901 0.92135186 0.92219415
  0.92182565 0.91866709 0.91987787 0.91924616]
 [0.92068437 0.9200715  0.9206333  0.92012257 0.92170582 0.92150153
  0.92099081 0.91894791 0.91996936 0.91920327]
 [0.92090255 0.92000992 0.92115051 0.91971237 0.92139846 0.92124969
  0.92050583 0.91906769 0.92070419 0.91877015]
 [0.92086366 0.91985156 0.92216492 0.91883946 0.92086366 0.92124922
  0.92014073 0.91898405 0.92096005 0.91936961]
 [0.92106497 0.91909628 0.92204931 0.91961189 0.92106497 0.92143996
  0.91933065 0.91961189 0.92078373 0.91942439]
 [0.92052195 0.91887946 0.9223013  0.91924446 0.9202482  0.92152569
  0.91965508 0.91979195 0.92179943 0.92038507]
 [0.92094387 0.91894414 0.92232147 0.91938853 0.91974403 0.92223259
  0.91898858 0.9194774  0.92098831 0.92076612]
 [0.9209113  0.91848579 0.92238392 0.91982848 0.92004505 0.92199411
  0.91826923 0.91922211 0.92039155 0.92065142]
 [0.92091923 0.9186803  0.92176411 0.92024333 0.92032781 0.92222879
  0.91859581 0.91922947 0.92117269 0.92087699]
 [0.92097127 0.91911613 0.92167209 0.92010554 0.92014676 0.92167209
  0.91907491 0.91915736 0.92109494 0.92039411]
 [0.92093716 0.91864257 0.92182279 0.91985025 0.92037358 0.92170202
  0.91928666 0.91924641 0.921541   0.91976974]
 [0.92106505 0.91905923 0.92181232 0.91925588 0.92051443 0.92145835
  0.91925588 0.9201998  0.92185165 0.92008181]
 [0.9206874  0.91941871 0.9215332  0.91957249 0.9206874  0.92249433
  0.91914959 0.92014917 0.92130253 0.92007228]
 [0.9214514  0.91945854 0.921489   0.92013536 0.92054898 0.92272984
  0.91968415 0.91983456 0.92077458 0.92058658]
 [0.92159676 0.92019868 0.92163355 0.92019868 0.92064018 0.92225901
  0.91957322 0.91902134 0.92126564 0.92082414]
 [0.92148105 0.92014839 0.92144504 0.92022043 0.9203645  0.92223743
  0.92022043 0.91993229 0.92202132 0.92065264]
 [0.92137289 0.92006773 0.92091432 0.9206674  0.92080849 0.92214893
  0.92056157 0.92020883 0.92140816 0.92045575]
 [0.92158015 0.92002488 0.92106173 0.92040506 0.9203705  0.92240962
  0.92009401 0.92012857 0.92175296 0.92023225]]

[[0.87973459 0.88471109 0.88014929 0.88775228 0.8885817  0.88125518
  0.88401991 0.89024053 0.88802875 0.88664639]
 [0.88443461 0.88498756 0.88401991 0.88899641 0.88982582 0.88512579
  0.88332873 0.89024053 0.89162289 0.88623168]
 [0.8855405  0.88719934 0.88305225 0.89065524 0.88664639 0.88346696
  0.88830523 0.89494056 0.89521703 0.89079348]
 [0.88526403 0.88692286 0.88512579 0.89037877 0.88899641 0.88581698
  0.88844346 0.89259054 0.89189936 0.89383467]
 [0.88415814 0.88650816 0.8885817  0.89176113 0.89024053 0.88802875
  0.88802875 0.89176113 0.89010229 0.89176113]
 [0.88471109 0.88595521 0.88885817 0.89120818 0.8885817  0.88789052
  0.89120818 0.89383467 0.890517   0.89148466]
 [0.88526403 0.88623168 0.88789052 0.89231407 0.89037877 0.88830523
  0.89134642 0.89383467 0.89134642 0.89466409]
 [0.88692286 0.88789052 0.88899641 0.89272878 0.89079348 0.88954935
  0.89120818 0.89452585 0.89286702 0.89632292]
 [0.88650816 0.88650816 0.88775228 0.89328173 0.89037877 0.88954935
  0.89024053 0.89411114 0.89424938 0.89424938]
 [0.8855405  0.88802875 0.88871993 0.89314349 0.89024053 0.88802875
  0.890517   0.89397291 0.89452585 0.89300525]
 [0.88374343 0.89024053 0.88650816 0.89341996 0.89162289 0.8885817
  0.89217584 0.89466409 0.8920376  0.89411114]
 [0.88443461 0.88954935 0.88802875 0.89286702 0.8920376  0.88844346
  0.89286702 0.89521703 0.89148466 0.89563174]
 [0.88595521 0.88982582 0.89037877 0.89259054 0.89217584 0.88775228
  0.89245231 0.89618468 0.89189936 0.89742881]
 [0.88484932 0.88899641 0.88968759 0.89438761 0.89259054 0.88650816
  0.89341996 0.89507879 0.89093171 0.89687586]
 [0.88540227 0.88844346 0.88871993 0.89411114 0.89383467 0.88512579
  0.89300525 0.89411114 0.89162289 0.89687586]
 [0.88609345 0.88996406 0.88968759 0.89438761 0.89452585 0.88429638
  0.89314349 0.89397291 0.89162289 0.8970141 ]
 [0.88540227 0.89134642 0.88954935 0.89521703 0.89411114 0.88567874
  0.89341996 0.89590821 0.89314349 0.8970141 ]
 [0.88512579 0.8920376  0.88899641 0.89563174 0.89452585 0.88650816
  0.89300525 0.89590821 0.89341996 0.89742881]
 [0.88595521 0.89176113 0.88941111 0.89632292 0.89369643 0.88692286
  0.89259054 0.89590821 0.89369643 0.8970141 ]
 [0.88567874 0.89093171 0.890517   0.89563174 0.89438761 0.88775228
  0.89189936 0.8970141  0.89466409 0.89618468]
 [0.88567874 0.89065524 0.88996406 0.89535527 0.89494056 0.88650816
  0.89272878 0.89729057 0.89480232 0.89646116]
 [0.88609345 0.89024053 0.88927288 0.89604645 0.89411114 0.88609345
  0.89217584 0.89784352 0.8954935  0.8954935 ]
 [0.88775228 0.88968759 0.88996406 0.89452585 0.89452585 0.8855405
  0.89189936 0.89604645 0.89590821 0.89480232]
 [0.88899641 0.88954935 0.88927288 0.8935582  0.89438761 0.88678463
  0.89024053 0.89576998 0.89659939 0.89494056]
 [0.88982582 0.88927288 0.88968759 0.89231407 0.89452585 0.88664639
  0.88968759 0.89438761 0.89673763 0.89521703]
 [0.88871993 0.88982582 0.89037877 0.89259054 0.89535527 0.88775228
  0.89065524 0.89438761 0.89673763 0.89521703]
 [0.88789052 0.89120818 0.890517   0.89231407 0.89466409 0.88927288
  0.89065524 0.89411114 0.89590821 0.89535527]
 [0.88761404 0.89079348 0.88968759 0.89245231 0.89369643 0.89024053
  0.89231407 0.89341996 0.89535527 0.89507879]
 [0.88761404 0.89106995 0.88954935 0.89259054 0.89466409 0.88927288
  0.89314349 0.89452585 0.89507879 0.89507879]
 [0.88913464 0.89037877 0.88941111 0.89259054 0.89466409 0.88982582
  0.89452585 0.89480232 0.89507879 0.8954935 ]
 [0.88996406 0.890517   0.89093171 0.89272878 0.89494056 0.89024053
  0.89480232 0.89563174 0.89521703 0.89590821]
 [0.890517   0.89024053 0.89010229 0.89341996 0.89590821 0.88968759
  0.89521703 0.89494056 0.89507879 0.89535527]
 [0.89120818 0.88996406 0.89093171 0.89272878 0.89659939 0.88899641
  0.89535527 0.89507879 0.89521703 0.89535527]
 [0.8935582  0.89189936 0.89079348 0.89328173 0.89811999 0.88871993
  0.89466409 0.89521703 0.89535527 0.89480232]
 [0.89397291 0.89231407 0.88982582 0.89231407 0.89784352 0.88954935
  0.89341996 0.89604645 0.89590821 0.89521703]
 [0.89286702 0.89300525 0.88996406 0.89341996 0.89770528 0.88927288
  0.89411114 0.89535527 0.89521703 0.89590821]
 [0.89328173 0.89245231 0.89065524 0.89397291 0.89811999 0.88899641
  0.89438761 0.89535527 0.8954935  0.89646116]
 [0.89286702 0.89286702 0.89024053 0.89438761 0.89770528 0.88885817
  0.89466409 0.89563174 0.89383467 0.89632292]
 [0.89286702 0.89328173 0.88996406 0.89424938 0.89742881 0.88871993
  0.89286702 0.89521703 0.89466409 0.89687586]
 [0.89272878 0.89300525 0.88982582 0.89480232 0.89632292 0.88789052
  0.89314349 0.89521703 0.89300525 0.8970141 ]
 [0.89328173 0.8935582  0.88996406 0.89466409 0.89687586 0.88844346
  0.89259054 0.89466409 0.89369643 0.89590821]
 [0.89217584 0.89411114 0.890517   0.89411114 0.89756704 0.88844346
  0.89286702 0.89466409 0.89369643 0.89535527]
 [0.89120818 0.89466409 0.88899641 0.89438761 0.89798175 0.88968759
  0.89341996 0.89494056 0.8935582  0.89576998]
 [0.89024053 0.89438761 0.88927288 0.89494056 0.89825823 0.8885817
  0.89341996 0.89480232 0.89300525 0.89632292]
 [0.88968759 0.89480232 0.89037877 0.89535527 0.89784352 0.88913464
  0.89328173 0.89494056 0.89397291 0.89576998]
 [0.88954935 0.89397291 0.89093171 0.89397291 0.89729057 0.88941111
  0.8935582  0.89576998 0.89383467 0.89632292]
 [0.88913464 0.89452585 0.89106995 0.89452585 0.89646116 0.89010229
  0.89286702 0.89590821 0.89369643 0.89687586]
 [0.88941111 0.89438761 0.89231407 0.8954935  0.89632292 0.88982582
  0.89286702 0.8954935  0.89328173 0.89618468]
 [0.88927288 0.89466409 0.89341996 0.89535527 0.89673763 0.89037877
  0.89314349 0.89576998 0.89369643 0.89646116]
 [0.88913464 0.89397291 0.89314349 0.89590821 0.89659939 0.89037877
  0.8935582  0.89604645 0.89466409 0.8954935 ]]