bank/KNN2

[1, 2, 3, 4, 5, 6, 7, 8, 9, 10, 11, 12, 13, 14, 15, 16, 17, 18, 19, 20, 21, 22, 23, 24, 25, 26, 27, 28, 29, 30, 31, 32, 33, 34, 35, 36, 37, 38, 39, 40, 41, 42, 43, 44, 45, 46, 47, 48, 49]

[[1.         1.         1.         1.         1.         1.
  1.         1.         1.         1.        ]
 [0.9315684  0.93056612 0.93136103 0.93146471 0.93136103 0.93122278
  0.93056612 0.93053155 0.93004769 0.93194857]
 [0.93436787 0.93301998 0.93547384 0.93333103 0.93464436 0.93530103
  0.93436787 0.93340015 0.93447156 0.93526647]
 [0.91853874 0.91764015 0.91846962 0.91784752 0.91853874 0.91891892
  0.91770927 0.91708716 0.91808944 0.91822769]
 [0.92158015 0.92002488 0.92106173 0.92040506 0.9203705  0.92240962
  0.92009401 0.92012857 0.92175296 0.92023225]
 [0.91328541 0.91117716 0.91307804 0.91155734 0.91121172 0.91428769
  0.91186839 0.91096979 0.91224857 0.91262874]
 [0.91518629 0.91414944 0.91567015 0.91380383 0.91408032 0.91487523
  0.91439137 0.91338909 0.91473699 0.91470243]
 [0.9106933  0.90813576 0.91010576 0.90879242 0.90848137 0.90989839
  0.90951821 0.90785927 0.90868874 0.90948365]
 [0.91117716 0.91128085 0.912214   0.91076242 0.91065874 0.91169558
  0.91117716 0.91110804 0.91079699 0.91107348]
 [0.90875786 0.90682242 0.90789383 0.90699523 0.90647681 0.90817032
  0.90644225 0.90647681 0.90716804 0.90727172]
 [0.91010576 0.90920716 0.9100712  0.90927628 0.90848137 0.90989839
  0.9087233  0.90803207 0.90969102 0.90920716]
 [0.90689155 0.90588927 0.90651137 0.90595839 0.90592383 0.90685698
  0.90543997 0.90492155 0.90623488 0.9056819 ]
 [0.90848137 0.9081012  0.90779014 0.90754821 0.90744453 0.90865418
  0.90747909 0.9056819  0.90723716 0.9072026 ]
 [0.90620032 0.90436856 0.90519804 0.90505979 0.90492155 0.90623488
  0.90402295 0.90336628 0.90554365 0.90409207]
 [0.90796295 0.90633856 0.90654593 0.9067533  0.90633856 0.9081012
  0.90609663 0.90423032 0.9067533  0.90575102]
 [0.90561277 0.90374646 0.90374646 0.90447225 0.90391926 0.90495611
  0.90340084 0.90284786 0.90378102 0.90412663]
 [0.90713348 0.9052326  0.9052326  0.90571646 0.9052326  0.90658049
  0.90571646 0.90357365 0.90502523 0.9058547 ]
 [0.90488698 0.90322804 0.90295154 0.9037119  0.90409207 0.90429944
  0.90333172 0.90198383 0.90312435 0.90360821]
 [0.90602751 0.90447225 0.90454137 0.90499067 0.90416119 0.90547453
  0.90492155 0.90274418 0.90405751 0.90461049]
 [0.904334   0.90188014 0.90291698 0.90295154 0.90295154 0.90391926
  0.90270961 0.90091242 0.90198383 0.90284786]
 [0.9047833  0.90364277 0.90319347 0.90481786 0.90374646 0.90447225
  0.90416119 0.9017419  0.90353909 0.90274418]
 [0.90329716 0.90163821 0.90125804 0.90226032 0.90270961 0.90219119
  0.90274418 0.89970277 0.90188014 0.90170733]
 [0.9037119  0.90288242 0.90253681 0.90402295 0.90319347 0.90395383
  0.90357365 0.90053225 0.90308979 0.90243312]
 [0.90277874 0.90167277 0.90115435 0.90222576 0.90136172 0.90295154
  0.90184558 0.89928803 0.90080874 0.90098154]
 [0.90360821 0.90232944 0.90219119 0.90302067 0.90212207 0.90340084
  0.90264049 0.89984102 0.9017419  0.90205295]
 [0.90232944 0.900394   0.90122347 0.90205295 0.90073961 0.90188014
  0.90118891 0.89908067 0.90063593 0.90032488]
 [0.9032626  0.9012926  0.90177646 0.90260593 0.90105067 0.90219119
  0.9017419  0.89921891 0.90122347 0.90087786]
 [0.90170733 0.90022119 0.90077418 0.90073961 0.89991014 0.90098154
  0.90060137 0.89818207 0.90053225 0.89959909]
 [0.90246769 0.90153453 0.90194926 0.90188014 0.90063593 0.90188014
  0.90136172 0.89859681 0.9014654  0.900394  ]
 [0.9014654  0.90032488 0.90049768 0.90101611 0.8999447  0.90087786
  0.89977189 0.89821663 0.90008295 0.89966821]
 [0.90215663 0.90111979 0.90105067 0.90139628 0.89991014 0.90132716
  0.90070505 0.89873505 0.90080874 0.90029032]
 [0.90087786 0.89987558 0.90025575 0.90077418 0.89959909 0.90077418
  0.89984102 0.89814751 0.89942628 0.89908067]
 [0.90122347 0.90063593 0.90091242 0.90098154 0.900394   0.90046312
  0.90077418 0.89849312 0.90008295 0.8999447 ]
 [0.90053225 0.8993226  0.89977189 0.90035944 0.89966821 0.90053225
  0.90011751 0.89766365 0.8994954  0.89828575]
 [0.90132716 0.90080874 0.90067049 0.90070505 0.89980646 0.90070505
  0.90053225 0.89800926 0.90008295 0.8990461 ]
 [0.90091242 0.89963365 0.90001382 0.89973733 0.89894242 0.90004839
  0.89959909 0.89762909 0.8993226  0.89825119]
 [0.90132716 0.90049768 0.90060137 0.90049768 0.89942628 0.90056681
  0.89980646 0.89800926 0.89987558 0.89911523]
 [0.90035944 0.8994954  0.89980646 0.89991014 0.89828575 0.90025575
  0.89952996 0.89673049 0.8990461  0.89766365]
 [0.90080874 0.90008295 0.90063593 0.90001382 0.89914979 0.90063593
  0.90022119 0.89794014 0.89991014 0.89883874]
 [0.90008295 0.89894242 0.90008295 0.89973733 0.89835488 0.89970277
  0.89956453 0.89648856 0.8990461  0.89762909]
 [0.90056681 0.89935716 0.90053225 0.89987558 0.8988733  0.90018663
  0.89977189 0.89728347 0.89939172 0.89835488]
 [0.89977189 0.89832032 0.89987558 0.89914979 0.89790558 0.89984102
  0.89942628 0.89641944 0.89863137 0.89773277]
 [0.90001382 0.89897698 0.90046312 0.89935716 0.89845856 0.90029032
  0.89959909 0.89717979 0.89894242 0.89832032]
 [0.8994954  0.898424   0.89942628 0.89856225 0.89814751 0.89921891
  0.89890786 0.89610838 0.89863137 0.8970761 ]
 [0.90032488 0.89894242 0.90001382 0.89946084 0.89852768 0.89963365
  0.89956453 0.89714523 0.89935716 0.89762909]
 [0.89959909 0.89845856 0.89901154 0.89859681 0.89828575 0.89942628
  0.89897698 0.89583189 0.89814751 0.89717979]
 [0.90015207 0.89849312 0.89980646 0.89925347 0.89890786 0.89963365
  0.89939172 0.89704154 0.89870049 0.89783646]
 [0.89901154 0.89800926 0.89939172 0.89838944 0.89794014 0.89825119
  0.89845856 0.89607382 0.89845856 0.89724891]
 [0.89966821 0.89807839 0.89984102 0.89928803 0.89880418 0.89880418
  0.89908067 0.89673049 0.89880418 0.89780189]]

[[0.87572574 0.87544927 0.87793752 0.87503456 0.87379043 0.87586398
  0.87655516 0.88014929 0.87793752 0.87614045]
 [0.88678463 0.89120818 0.88844346 0.88830523 0.89148466 0.88678463
  0.89189936 0.89065524 0.89189936 0.88982582]
 [0.88692286 0.89259054 0.8885817  0.88941111 0.89162289 0.89176113
  0.89300525 0.89272878 0.8935582  0.89272878]
 [0.88761404 0.89245231 0.88913464 0.8935582  0.89466409 0.88844346
  0.89341996 0.89632292 0.89259054 0.89383467]
 [0.88913464 0.89397291 0.89314349 0.89590821 0.89659939 0.89037877
  0.8935582  0.89604645 0.89466409 0.8954935 ]
 [0.89065524 0.89383467 0.89245231 0.89300525 0.89729057 0.88844346
  0.89424938 0.8970141  0.89535527 0.8970141 ]
 [0.89134642 0.89397291 0.89618468 0.89618468 0.89770528 0.89272878
  0.89632292 0.89894941 0.89784352 0.89811999]
 [0.89148466 0.89341996 0.89231407 0.89341996 0.89659939 0.89341996
  0.89590821 0.89811999 0.89590821 0.89798175]
 [0.89314349 0.89646116 0.89632292 0.89673763 0.89922588 0.89466409
  0.89756704 0.90033177 0.89867293 0.90088471]
 [0.88996406 0.89466409 0.89494056 0.89397291 0.89590821 0.89521703
  0.89632292 0.89964059 0.89673763 0.90060824]
 [0.89217584 0.89466409 0.89729057 0.89687586 0.89770528 0.89452585
  0.89756704 0.90309649 0.90047    0.90323472]
 [0.89106995 0.89438761 0.89618468 0.8954935  0.89604645 0.89231407
  0.89729057 0.90157589 0.89673763 0.90047   ]
 [0.89259054 0.89729057 0.89742881 0.89687586 0.89770528 0.89314349
  0.8985347  0.90254354 0.89964059 0.90102295]
 [0.8920376  0.8954935  0.89535527 0.89424938 0.89742881 0.89189936
  0.89604645 0.90226707 0.89604645 0.89936411]
 [0.89452585 0.89715234 0.89673763 0.89632292 0.89687586 0.89452585
  0.89756704 0.9035112  0.89936411 0.90129942]
 [0.89314349 0.89715234 0.89411114 0.89411114 0.89715234 0.89411114
  0.89770528 0.90157589 0.89839646 0.89977882]
 [0.89411114 0.89881117 0.89673763 0.89452585 0.89729057 0.89424938
  0.89881117 0.90447885 0.89950235 0.90102295]
 [0.89328173 0.89563174 0.8954935  0.89438761 0.89756704 0.89328173
  0.89604645 0.90240531 0.89964059 0.89825823]
 [0.89369643 0.8970141  0.89632292 0.89590821 0.89784352 0.89383467
  0.89521703 0.90461709 0.90019353 0.89964059]
 [0.89328173 0.89604645 0.89341996 0.89369643 0.89839646 0.89328173
  0.89494056 0.90171413 0.89922588 0.89908764]
 [0.89314349 0.89646116 0.89397291 0.89383467 0.89742881 0.89328173
  0.89507879 0.90295825 0.89991706 0.90047   ]
 [0.89341996 0.89632292 0.89189936 0.8935582  0.89729057 0.89300525
  0.89659939 0.90102295 0.89811999 0.89839646]
 [0.89314349 0.89590821 0.8935582  0.89535527 0.89715234 0.89369643
  0.89507879 0.9019906  0.89839646 0.90019353]
 [0.89300525 0.89576998 0.89189936 0.89452585 0.89604645 0.89272878
  0.89590821 0.90060824 0.89729057 0.89811999]
 [0.89217584 0.89715234 0.89231407 0.89480232 0.89659939 0.89314349
  0.89604645 0.90282002 0.89825823 0.89991706]
 [0.89189936 0.89659939 0.89024053 0.89397291 0.89687586 0.89272878
  0.89604645 0.90129942 0.89811999 0.89798175]
 [0.89231407 0.89687586 0.89245231 0.89466409 0.89576998 0.8935582
  0.89632292 0.90088471 0.89825823 0.89922588]
 [0.89134642 0.89604645 0.89272878 0.89314349 0.89521703 0.89341996
  0.89576998 0.90171413 0.89784352 0.89756704]
 [0.89217584 0.89576998 0.89480232 0.89452585 0.89521703 0.89535527
  0.89646116 0.90268178 0.89867293 0.89881117]
 [0.89189936 0.89563174 0.89259054 0.89328173 0.89521703 0.8935582
  0.89563174 0.90240531 0.89784352 0.89673763]
 [0.89300525 0.89604645 0.8935582  0.89438761 0.89590821 0.89411114
  0.89659939 0.90254354 0.89908764 0.89839646]
 [0.89189936 0.89507879 0.89245231 0.89286702 0.89563174 0.89397291
  0.89563174 0.90060824 0.89756704 0.89742881]
 [0.89314349 0.89452585 0.89424938 0.89383467 0.89646116 0.89411114
  0.8970141  0.9019906  0.89811999 0.89839646]
 [0.89245231 0.89383467 0.89148466 0.8920376  0.89632292 0.89397291
  0.89507879 0.90102295 0.89729057 0.89867293]
 [0.89341996 0.89328173 0.89328173 0.89272878 0.89742881 0.89383467
  0.89673763 0.90157589 0.89770528 0.89839646]
 [0.89341996 0.89341996 0.8920376  0.89259054 0.89673763 0.89438761
  0.89659939 0.89964059 0.89673763 0.89770528]
 [0.89259054 0.89507879 0.89189936 0.89286702 0.89770528 0.89383467
  0.89839646 0.90102295 0.89715234 0.89811999]
 [0.89314349 0.89369643 0.89120818 0.89217584 0.89659939 0.8935582
  0.89687586 0.89977882 0.89673763 0.89867293]
 [0.89286702 0.89411114 0.89217584 0.89272878 0.89742881 0.89369643
  0.89784352 0.89977882 0.89742881 0.89950235]
 [0.89259054 0.89369643 0.89120818 0.89286702 0.89646116 0.89328173
  0.8970141  0.90102295 0.89687586 0.8985347 ]
 [0.89272878 0.89341996 0.89162289 0.89231407 0.89742881 0.89341996
  0.89811999 0.90102295 0.89715234 0.8985347 ]
 [0.89300525 0.89300525 0.89093171 0.89286702 0.89770528 0.89259054
  0.89632292 0.90116118 0.89673763 0.89784352]
 [0.89259054 0.89314349 0.89148466 0.89341996 0.89742881 0.89328173
  0.89646116 0.90157589 0.89756704 0.89756704]
 [0.89272878 0.89369643 0.89134642 0.89341996 0.89729057 0.8920376
  0.89646116 0.90185236 0.89659939 0.89687586]
 [0.89300525 0.89369643 0.89176113 0.89383467 0.89659939 0.89328173
  0.8970141  0.90254354 0.89729057 0.89742881]
 [0.8935582  0.89466409 0.89065524 0.89341996 0.89687586 0.89328173
  0.89618468 0.9019906  0.89687586 0.89687586]
 [0.89397291 0.89507879 0.89093171 0.89369643 0.89729057 0.89369643
  0.89604645 0.90295825 0.89742881 0.89742881]
 [0.89383467 0.89466409 0.89134642 0.89314349 0.8970141  0.89300525
  0.89618468 0.90129942 0.89715234 0.89673763]
 [0.89341996 0.89535527 0.89079348 0.8935582  0.89742881 0.89341996
  0.89632292 0.90226707 0.89798175 0.8970141 ]]