bank/KNN3

['auto', 'ball_tree', 'kd_tree', 'brute']

[[0.92158015 0.92002488 0.92106173 0.92040506 0.9203705  0.92240962
  0.92009401 0.92012857 0.92175296 0.92023225]
 [0.92158015 0.92002488 0.92106173 0.92040506 0.9203705  0.92240962
  0.92009401 0.92012857 0.92175296 0.92023225]
 [0.92158015 0.92002488 0.92106173 0.92040506 0.9203705  0.92240962
  0.92009401 0.92012857 0.92175296 0.92023225]
 [0.92158015 0.92002488 0.92106173 0.92040506 0.9203705  0.92240962
  0.92009401 0.92012857 0.92175296 0.92023225]]

[[0.88913464 0.89397291 0.89314349 0.89590821 0.89659939 0.89037877
  0.8935582  0.89604645 0.89466409 0.8954935 ]
 [0.88913464 0.89397291 0.89314349 0.89590821 0.89659939 0.89037877
  0.8935582  0.89604645 0.89466409 0.8954935 ]
 [0.88913464 0.89397291 0.89314349 0.89590821 0.89659939 0.89037877
  0.8935582  0.89604645 0.89466409 0.8954935 ]
 [0.88913464 0.89397291 0.89314349 0.89590821 0.89659939 0.89037877
  0.8935582  0.89604645 0.89466409 0.8954935 ]]