bank/SVM1

[  289   873  1458  2043  2627  3212  3796  4381  4966  5550  6135  6719
  7304  7888  8473  9058  9642 10227 10811 11396 11981 12565 13150 13734
 14319 14903 15488 16073 16657 17242 17826 18411 18996 19580 20165 20749
 21334 21918 22503 23088 23672 24257 24841 25426 26011 26595 27180 27764
 28349 28934]

[[0.90311419 0.93079585 0.91695502 0.93771626 0.92733564 0.89965398
  0.90311419 0.92733564 0.93079585 0.94463668]
 [0.91408935 0.92783505 0.9209622  0.94501718 0.9255441  0.91523482
  0.93127148 0.92898053 0.91867125 0.930126  ]
 [0.90603567 0.92249657 0.91906722 0.93758573 0.92524005 0.91563786
  0.93484225 0.93484225 0.92112483 0.91769547]
 [0.90846794 0.91923642 0.91678904 0.93294175 0.92217327 0.91874694
  0.93000489 0.92266275 0.92266275 0.91678904]
 [0.91016368 0.91929958 0.92120289 0.93071945 0.91891892 0.91435097
  0.92500952 0.91777693 0.92044157 0.91358965]
 [0.91158157 0.91469489 0.91905355 0.92808219 0.91749689 0.9128269
  0.92154421 0.91594022 0.9234122  0.91438356]
 [0.91122234 0.91412013 0.91570074 0.92334036 0.91596417 0.91570074
  0.92123288 0.91306639 0.91833509 0.91332982]
 [0.91303355 0.9128053  0.91600091 0.92330518 0.91326181 0.91759872
  0.91874001 0.91120749 0.91691395 0.91485962]
 [0.91200161 0.91180024 0.91784132 0.92146597 0.91200161 0.916029
  0.91784132 0.91039066 0.91683447 0.91421667]
 [0.91117117 0.91297297 0.91837838 0.9218018  0.91297297 0.91513514
  0.91801802 0.90846847 0.91441441 0.91081081]
 [0.91393643 0.91409943 0.91833741 0.92241239 0.91442543 0.91230644
  0.91752241 0.90692747 0.91556642 0.91116544]
 [0.91174282 0.91576127 0.91799375 0.92052389 0.91218931 0.91263581
  0.91769609 0.90995684 0.91650543 0.91040333]
 [0.9126506  0.91415663 0.91826396 0.91853779 0.91360898 0.91306134
  0.9174425  0.90963855 0.91648412 0.91087076]
 [0.91252535 0.91163793 0.91670892 0.91797667 0.91239858 0.91265213
  0.9158215  0.90935598 0.91670892 0.90998986]
 [0.91325387 0.91266376 0.91620441 0.91891892 0.91313584 0.91301782
  0.9166765  0.90971321 0.913962   0.90924112]
 [0.91344668 0.91311548 0.91653787 0.91808346 0.91311548 0.91289468
  0.91653787 0.9070435  0.91344668 0.90914109]
 [0.91443684 0.91443684 0.91474798 0.91848164 0.91339971 0.91142916
  0.91702966 0.90717693 0.91288114 0.90883634]
 [0.9142466  0.91600665 0.91219321 0.91727779 0.91346436 0.91121541
  0.91708223 0.90720641 0.91170431 0.9097487 ]
 [0.91323652 0.9141615  0.91212654 0.91730645 0.91351401 0.90999908
  0.91739895 0.90676163 0.91240403 0.90981408]
 [0.91347841 0.91400491 0.91137241 0.91707617 0.91365391 0.90979291
  0.91707617 0.90680941 0.91268866 0.90979291]
 [0.91461481 0.91344629 0.91135965 0.9172857  0.91327936 0.910525
  0.91661798 0.90693598 0.91252817 0.91035807]
 [0.91348985 0.91412654 0.91181854 0.91635495 0.91293275 0.91054517
  0.91579785 0.90760048 0.91237565 0.91070434]
 [0.91346008 0.91346008 0.9113308  0.91574144 0.91307985 0.91178707
  0.91551331 0.90760456 0.91117871 0.91095057]
 [0.91328091 0.91400903 0.91102374 0.91531964 0.91284404 0.91277122
  0.91553808 0.90803844 0.91197029 0.91065968]
 [0.9132621  0.91430966 0.91144633 0.91451917 0.9121447  0.91333194
  0.91528738 0.90767512 0.91039877 0.91074796]
 [0.91216534 0.91404415 0.91136013 0.91411125 0.91223244 0.91283634
  0.91484936 0.90719989 0.91015232 0.91122593]
 [0.91186725 0.9136751  0.91141529 0.9142562  0.91277118 0.91238378
  0.91477273 0.90838068 0.91115702 0.91141529]
 [0.91177752 0.91414173 0.91065762 0.91289741 0.91246189 0.91233746
  0.91426616 0.90928887 0.91252411 0.91252411]
 [0.91294951 0.9139701  0.91072822 0.91300955 0.91144864 0.91216906
  0.9139701  0.90880711 0.91138861 0.91234916]
 [0.91294513 0.91352511 0.91039323 0.91294513 0.91213316 0.91132119
  0.91433708 0.90847929 0.91271314 0.91190117]
 [0.91293616 0.91327275 0.91052395 0.91254348 0.9118703  0.91209469
  0.91417031 0.90833614 0.91282396 0.9119264 ]
 [0.91282386 0.91271522 0.91043398 0.91249796 0.91108576 0.9122807
  0.91352995 0.90858726 0.9136929  0.91043398]
 [0.91298168 0.9128764  0.91077069 0.91234997 0.91045483 0.91277111
  0.91303432 0.90861234 0.91329754 0.91113919]
 [0.91266599 0.91307457 0.91138917 0.91195097 0.91057201 0.9128192
  0.91210419 0.90858018 0.91384065 0.91128703]
 [0.91217456 0.91262088 0.91182742 0.91202579 0.91078602 0.91262088
  0.91247211 0.9092487  0.91445574 0.91093479]
 [0.91180298 0.91242951 0.91194756 0.911562   0.91045352 0.9125259
  0.91214034 0.90886308 0.91416454 0.9106463 ]
 [0.91211212 0.91244024 0.91173713 0.91183088 0.9103778  0.9119715
  0.91150277 0.90859661 0.9137527  0.91023718]
 [0.91240077 0.91167077 0.91139703 0.91144265 0.91025641 0.91139703
  0.9115339  0.90824893 0.91299389 0.91066703]
 [0.91214505 0.91143403 0.91121184 0.91112296 0.91005644 0.91183398
  0.91094521 0.9077012  0.91214505 0.9105897 ]
 [0.91216216 0.91177235 0.9112526  0.91103604 0.90969335 0.91203222
  0.91142585 0.90765766 0.9119456  0.91034304]
 [0.91145657 0.91116087 0.91124535 0.91027374 0.90959784 0.91187901
  0.91086516 0.9081193  0.91209023 0.90993579]
 [0.91091231 0.91165437 0.91157192 0.91021149 0.90942821 0.91128334
  0.91091231 0.90856248 0.91186049 0.91021149]
 [0.91111469 0.91127571 0.91204058 0.91010829 0.90974598 0.91079264
  0.91063162 0.908176   0.91139648 0.90938368]
 [0.91076064 0.91166522 0.91131126 0.91028868 0.91017069 0.91013136
  0.91052466 0.90863683 0.91103595 0.90962007]
 [0.91069163 0.91161432 0.91084541 0.90961516 0.91007651 0.91007651
  0.91030718 0.90876937 0.91065319 0.9097305 ]
 [0.9107727  0.91103591 0.9106975  0.90975747 0.90979507 0.91039669
  0.91013348 0.90862944 0.91013348 0.90994548]
 [0.91066961 0.91129507 0.91066961 0.91030169 0.90986019 0.90993377
  0.90997057 0.9084989  0.90945548 0.91004415]
 [0.91081977 0.91136003 0.91074773 0.90973923 0.90937905 0.90999136
  0.90955914 0.9088748  0.90916294 0.91009941]
 [0.91086105 0.91128435 0.91019084 0.90969699 0.90983809 0.90976754
  0.90941479 0.9089915  0.90909732 0.90962644]
 [0.91103892 0.91027857 0.91000207 0.90976014 0.90989839 0.90972558
  0.90920716 0.9091726  0.90889611 0.90906892]]

[[0.88180813 0.88236107 0.87890517 0.88692286 0.88664639 0.88388167
  0.88609345 0.89176113 0.88471109 0.88595521]
 [0.88761404 0.88954935 0.88346696 0.890517   0.89590821 0.89120818
  0.89120818 0.89811999 0.89687586 0.88927288]
 [0.88719934 0.89231407 0.88899641 0.8920376  0.89908764 0.89037877
  0.89452585 0.89936411 0.89894941 0.89452585]
 [0.88885817 0.89286702 0.88982582 0.89424938 0.89964059 0.89134642
  0.89798175 0.90005529 0.89964059 0.89798175]
 [0.89189936 0.89590821 0.89259054 0.89646116 0.89881117 0.89106995
  0.89590821 0.90047    0.89950235 0.8985347 ]
 [0.89328173 0.89590821 0.89328173 0.89742881 0.89798175 0.89176113
  0.89756704 0.90212884 0.89563174 0.89894941]
 [0.89632292 0.89341996 0.89341996 0.89825823 0.89950235 0.89148466
  0.89784352 0.90323472 0.89715234 0.89922588]
 [0.89590821 0.8935582  0.89383467 0.89742881 0.89867293 0.89314349
  0.89756704 0.90240531 0.89770528 0.90074647]
 [0.89535527 0.89452585 0.89341996 0.89784352 0.89964059 0.89397291
  0.89825823 0.90295825 0.8985347  0.90143766]
 [0.89521703 0.89659939 0.89341996 0.89922588 0.89908764 0.89507879
  0.89908764 0.90212884 0.8985347  0.90143766]
 [0.89590821 0.89535527 0.89411114 0.89894941 0.90088471 0.89507879
  0.89977882 0.90268178 0.89825823 0.90116118]
 [0.89687586 0.89687586 0.89466409 0.89950235 0.90171413 0.89494056
  0.90047    0.90378767 0.89964059 0.90129942]
 [0.89646116 0.89784352 0.89576998 0.8985347  0.90226707 0.89535527
  0.90185236 0.9035112  0.89867293 0.90088471]
 [0.8970141  0.89756704 0.89466409 0.89991706 0.90212884 0.89632292
  0.90157589 0.90434061 0.89908764 0.90129942]
 [0.89770528 0.89646116 0.89452585 0.89922588 0.90254354 0.89659939
  0.90102295 0.90461709 0.89977882 0.90088471]
 [0.89632292 0.89784352 0.89507879 0.8985347  0.90309649 0.89646116
  0.90102295 0.90586121 0.90033177 0.90019353]
 [0.89687586 0.89811999 0.89521703 0.89867293 0.90185236 0.89618468
  0.90019353 0.90599945 0.89964059 0.89991706]
 [0.89618468 0.89756704 0.89507879 0.89784352 0.90254354 0.89535527
  0.90129942 0.90641416 0.90019353 0.90060824]
 [0.8970141  0.89839646 0.89535527 0.89825823 0.90171413 0.89507879
  0.90047    0.90627592 0.89977882 0.90047   ]
 [0.89729057 0.89798175 0.89563174 0.89646116 0.90226707 0.8954935
  0.90033177 0.9069671  0.90005529 0.90088471]
 [0.89756704 0.8985347  0.89535527 0.89784352 0.90157589 0.89673763
  0.89950235 0.90655239 0.90074647 0.90088471]
 [0.8970141  0.89784352 0.89563174 0.89867293 0.90254354 0.89673763
  0.90033177 0.9069671  0.90116118 0.90116118]
 [0.89659939 0.89825823 0.89604645 0.89867293 0.90282002 0.89756704
  0.90033177 0.90765828 0.90088471 0.90129942]
 [0.89798175 0.89770528 0.89618468 0.89922588 0.90226707 0.89742881
  0.89977882 0.90613768 0.90116118 0.90226707]
 [0.89867293 0.89811999 0.89632292 0.89977882 0.9035112  0.89687586
  0.90033177 0.90669063 0.90171413 0.90185236]
 [0.89742881 0.8985347  0.89646116 0.89839646 0.90406414 0.89715234
  0.90033177 0.90586121 0.90116118 0.9019906 ]
 [0.89742881 0.89922588 0.89687586 0.89894941 0.90406414 0.89632292
  0.90005529 0.90641416 0.90047    0.90171413]
 [0.89659939 0.89922588 0.89590821 0.89798175 0.90364943 0.89618468
  0.89950235 0.90572297 0.90143766 0.90143766]
 [0.8970141  0.89936411 0.89604645 0.8985347  0.90406414 0.89729057
  0.89894941 0.90613768 0.90254354 0.90143766]
 [0.89881117 0.89811999 0.89576998 0.89742881 0.90503179 0.89742881
  0.89977882 0.90641416 0.90185236 0.90116118]
 [0.8985347  0.89908764 0.89604645 0.89784352 0.90420238 0.89867293
  0.90033177 0.90599945 0.90129942 0.90129942]
 [0.8985347  0.89881117 0.89618468 0.89784352 0.90420238 0.89729057
  0.90005529 0.90586121 0.90171413 0.90060824]
 [0.89784352 0.89770528 0.8954935  0.89784352 0.90378767 0.89825823
  0.90047    0.90655239 0.90143766 0.90116118]
 [0.89839646 0.89811999 0.89590821 0.89729057 0.90392591 0.89756704
  0.90005529 0.90682886 0.90129942 0.90240531]
 [0.89825823 0.89881117 0.89590821 0.89729057 0.90378767 0.89742881
  0.89950235 0.90655239 0.9019906  0.90185236]
 [0.8985347  0.89950235 0.89563174 0.89839646 0.90364943 0.89756704
  0.89894941 0.90627592 0.90212884 0.90157589]
 [0.89894941 0.89922588 0.89646116 0.89839646 0.9035112  0.89867293
  0.89839646 0.90724357 0.90185236 0.90185236]
 [0.89825823 0.89936411 0.89604645 0.89811999 0.90323472 0.89881117
  0.89811999 0.90710534 0.9019906  0.90157589]
 [0.89922588 0.89922588 0.89687586 0.89811999 0.90323472 0.89825823
  0.89936411 0.90655239 0.90226707 0.90047   ]
 [0.89950235 0.89936411 0.89618468 0.89770528 0.90323472 0.89894941
  0.90033177 0.90682886 0.90226707 0.90060824]
 [0.89839646 0.89881117 0.89646116 0.8985347  0.90295825 0.89839646
  0.90033177 0.90779652 0.90171413 0.90129942]
 [0.89867293 0.89867293 0.89535527 0.8985347  0.90282002 0.89770528
  0.90019353 0.90765828 0.90143766 0.90019353]
 [0.89867293 0.89881117 0.89673763 0.89839646 0.90364943 0.89798175
  0.90047    0.90862593 0.90116118 0.89964059]
 [0.89756704 0.89798175 0.89659939 0.8985347  0.90254354 0.89784352
  0.90116118 0.90765828 0.90129942 0.90060824]
 [0.89756704 0.89881117 0.89632292 0.89881117 0.90295825 0.89867293
  0.9019906  0.90724357 0.90116118 0.90060824]
 [0.89798175 0.89839646 0.89715234 0.89881117 0.90337296 0.8985347
  0.90116118 0.90738181 0.90102295 0.90088471]
 [0.89756704 0.89922588 0.89742881 0.89894941 0.90378767 0.89811999
  0.90116118 0.90655239 0.90226707 0.90033177]
 [0.89673763 0.89936411 0.89756704 0.89964059 0.9035112  0.89867293
  0.90116118 0.90655239 0.90212884 0.90102295]
 [0.89632292 0.8985347  0.89715234 0.89894941 0.90295825 0.89867293
  0.90129942 0.90655239 0.90268178 0.90129942]
 [0.89715234 0.89867293 0.89756704 0.89825823 0.90282002 0.89936411
  0.89977882 0.90724357 0.90337296 0.90074647]]