bank/SVM2

[ 0.01        0.21387755  0.4177551   0.62163265  0.8255102   1.02938776
  1.23326531  1.43714286  1.64102041  1.84489796  2.04877551  2.25265306
  2.45653061  2.66040816  2.86428571  3.06816327  3.27204082  3.47591837
  3.67979592  3.88367347  4.08755102  4.29142857  4.49530612  4.69918367
  4.90306122  5.10693878  5.31081633  5.51469388  5.71857143  5.92244898
  6.12632653  6.33020408  6.53408163  6.73795918  6.94183673  7.14571429
  7.34959184  7.55346939  7.75734694  7.96122449  8.16510204  8.36897959
  8.57285714  8.77673469  8.98061224  9.1844898   9.38836735  9.5922449
  9.79612245 10.        ]

[[0.88554633 0.89004149 0.88450899 0.88658368 0.89453665 0.88969571
  0.88900415 0.88900415 0.88727524 0.88727524]
 [0.88554633 0.89004149 0.88450899 0.88658368 0.89453665 0.88969571
  0.88900415 0.88900415 0.88727524 0.88727524]
 [0.88554633 0.89004149 0.88450899 0.88658368 0.89453665 0.88969571
  0.88900415 0.88900415 0.88727524 0.88727524]
 [0.88554633 0.89004149 0.88450899 0.88658368 0.89453665 0.88969571
  0.88900415 0.88900415 0.88727524 0.88727524]
 [0.88554633 0.89004149 0.88450899 0.88658368 0.89453665 0.88969571
  0.88900415 0.88900415 0.88727524 0.88727524]
 [1.         1.         1.         1.         1.         1.
  1.         1.         1.         1.        ]
 [1.         1.         1.         1.         1.         1.
  1.         1.         1.         1.        ]
 [1.         1.         1.         1.         1.         1.
  1.         1.         1.         1.        ]
 [1.         1.         1.         1.         1.         1.
  1.         1.         1.         1.        ]
 [1.         1.         1.         1.         1.         1.
  1.         1.         1.         1.        ]
 [1.         1.         1.         1.         1.         1.
  1.         1.         1.         1.        ]
 [1.         1.         1.         1.         1.         1.
  1.         1.         1.         1.        ]
 [1.         1.         1.         1.         1.         1.
  1.         1.         1.         1.        ]
 [1.         1.         1.         1.         1.         1.
  1.         1.         1.         1.        ]
 [1.         1.         1.         1.         1.         1.
  1.         1.         1.         1.        ]
 [1.         1.         1.         1.         1.         1.
  1.         1.         1.         1.        ]
 [1.         1.         1.         1.         1.         1.
  1.         1.         1.         1.        ]
 [1.         1.         1.         1.         1.         1.
  1.         1.         1.         1.        ]
 [1.         1.         1.         1.         1.         1.
  1.         1.         1.         1.        ]
 [1.         1.         1.         1.         1.         1.
  1.         1.         1.         1.        ]
 [1.         1.         1.         1.         1.         1.
  1.         1.         1.         1.        ]
 [1.         1.         1.         1.         1.         1.
  1.         1.         1.         1.        ]
 [1.         1.         1.         1.         1.         1.
  1.         1.         1.         1.        ]
 [1.         1.         1.         1.         1.         1.
  1.         1.         1.         1.        ]
 [1.         1.         1.         1.         1.         1.
  1.         1.         1.         1.        ]
 [1.         1.         1.         1.         1.         1.
  1.         1.         1.         1.        ]
 [1.         1.         1.         1.         1.         1.
  1.         1.         1.         1.        ]
 [1.         1.         1.         1.         1.         1.
  1.         1.         1.         1.        ]
 [1.         1.         1.         1.         1.         1.
  1.         1.         1.         1.        ]
 [1.         1.         1.         1.         1.         1.
  1.         1.         1.         1.        ]
 [1.         1.         1.         1.         1.         1.
  1.         1.         1.         1.        ]
 [1.         1.         1.         1.         1.         1.
  1.         1.         1.         1.        ]
 [1.         1.         1.         1.         1.         1.
  1.         1.         1.         1.        ]
 [1.         1.         1.         1.         1.         1.
  1.         1.         1.         1.        ]
 [1.         1.         1.         1.         1.         1.
  1.         1.         1.         1.        ]
 [1.         1.         1.         1.         1.         1.
  1.         1.         1.         1.        ]
 [1.         1.         1.         1.         1.         1.
  1.         1.         1.         1.        ]
 [1.         1.         1.         1.         1.         1.
  1.         1.         1.         1.        ]
 [1.         1.         1.         1.         1.         1.
  1.         1.         1.         1.        ]
 [1.         1.         1.         1.         1.         1.
  1.         1.         1.         1.        ]
 [1.         1.         1.         1.         1.         1.
  1.         1.         1.         1.        ]
 [1.         1.         1.         1.         1.         1.
  1.         1.         1.         1.        ]
 [1.         1.         1.         1.         1.         1.
  1.         1.         1.         1.        ]
 [1.         1.         1.         1.         1.         1.
  1.         1.         1.         1.        ]
 [1.         1.         1.         1.         1.         1.
  1.         1.         1.         1.        ]
 [1.         1.         1.         1.         1.         1.
  1.         1.         1.         1.        ]
 [1.         1.         1.         1.         1.         1.
  1.         1.         1.         1.        ]
 [1.         1.         1.         1.         1.         1.
  1.         1.         1.         1.        ]
 [1.         1.         1.         1.         1.         1.
  1.         1.         1.         1.        ]
 [1.         1.         1.         1.         1.         1.
  1.         1.         1.         1.        ]]

[[0.89226519 0.87430939 0.89640884 0.88812155 0.85635359 0.87569061
  0.87845304 0.87845304 0.88535912 0.88535912]
 [0.89226519 0.87430939 0.89640884 0.88812155 0.85635359 0.87569061
  0.87845304 0.87845304 0.88535912 0.88535912]
 [0.89226519 0.87430939 0.89640884 0.88812155 0.85635359 0.87569061
  0.87845304 0.87845304 0.88535912 0.88535912]
 [0.89226519 0.87430939 0.89640884 0.88812155 0.85635359 0.87569061
  0.87845304 0.87845304 0.88535912 0.88535912]
 [0.89226519 0.87430939 0.89640884 0.88812155 0.85635359 0.87569061
  0.87845304 0.87845304 0.88535912 0.88535912]
 [0.89226519 0.87430939 0.89640884 0.88812155 0.85635359 0.87569061
  0.87845304 0.87845304 0.88535912 0.88535912]
 [0.89226519 0.87430939 0.89640884 0.88812155 0.85635359 0.87569061
  0.87845304 0.87845304 0.88535912 0.88535912]
 [0.89226519 0.87430939 0.89640884 0.88812155 0.85635359 0.87569061
  0.87845304 0.87845304 0.88535912 0.88535912]
 [0.89226519 0.87430939 0.89640884 0.88812155 0.85635359 0.87569061
  0.87845304 0.87845304 0.88535912 0.88535912]
 [0.89226519 0.87430939 0.89640884 0.88812155 0.85635359 0.87569061
  0.87845304 0.87845304 0.88535912 0.88535912]
 [0.89226519 0.87430939 0.89640884 0.88812155 0.85635359 0.87569061
  0.87845304 0.87845304 0.88535912 0.88535912]
 [0.89226519 0.87430939 0.89640884 0.88812155 0.85635359 0.87569061
  0.87845304 0.87845304 0.88535912 0.88535912]
 [0.89226519 0.87430939 0.89640884 0.88812155 0.85635359 0.87569061
  0.87845304 0.87845304 0.88535912 0.88535912]
 [0.89226519 0.87430939 0.89640884 0.88812155 0.85635359 0.87569061
  0.87845304 0.87845304 0.88535912 0.88535912]
 [0.89226519 0.87430939 0.89640884 0.88812155 0.85635359 0.87569061
  0.87845304 0.87845304 0.88535912 0.88535912]
 [0.89226519 0.87430939 0.89640884 0.88812155 0.85635359 0.87569061
  0.87845304 0.87845304 0.88535912 0.88535912]
 [0.89226519 0.87430939 0.89640884 0.88812155 0.85635359 0.87569061
  0.87845304 0.87845304 0.88535912 0.88535912]
 [0.89226519 0.87430939 0.89640884 0.88812155 0.85635359 0.87569061
  0.87845304 0.87845304 0.88535912 0.88535912]
 [0.89226519 0.87430939 0.89640884 0.88812155 0.85635359 0.87569061
  0.87845304 0.87845304 0.88535912 0.88535912]
 [0.89226519 0.87430939 0.89640884 0.88812155 0.85635359 0.87569061
  0.87845304 0.87845304 0.88535912 0.88535912]
 [0.89226519 0.87430939 0.89640884 0.88812155 0.85635359 0.87569061
  0.87845304 0.87845304 0.88535912 0.88535912]
 [0.89226519 0.87430939 0.89640884 0.88812155 0.85635359 0.87569061
  0.87845304 0.87845304 0.88535912 0.88535912]
 [0.89226519 0.87430939 0.89640884 0.88812155 0.85635359 0.87569061
  0.87845304 0.87845304 0.88535912 0.88535912]
 [0.89226519 0.87430939 0.89640884 0.88812155 0.85635359 0.87569061
  0.87845304 0.87845304 0.88535912 0.88535912]
 [0.89226519 0.87430939 0.89640884 0.88812155 0.85635359 0.87569061
  0.87845304 0.87845304 0.88535912 0.88535912]
 [0.89226519 0.87430939 0.89640884 0.88812155 0.85635359 0.87569061
  0.87845304 0.87845304 0.88535912 0.88535912]
 [0.89226519 0.87430939 0.89640884 0.88812155 0.85635359 0.87569061
  0.87845304 0.87845304 0.88535912 0.88535912]
 [0.89226519 0.87430939 0.89640884 0.88812155 0.85635359 0.87569061
  0.87845304 0.87845304 0.88535912 0.88535912]
 [0.89226519 0.87430939 0.89640884 0.88812155 0.85635359 0.87569061
  0.87845304 0.87845304 0.88535912 0.88535912]
 [0.89226519 0.87430939 0.89640884 0.88812155 0.85635359 0.87569061
  0.87845304 0.87845304 0.88535912 0.88535912]
 [0.89226519 0.87430939 0.89640884 0.88812155 0.85635359 0.87569061
  0.87845304 0.87845304 0.88535912 0.88535912]
 [0.89226519 0.87430939 0.89640884 0.88812155 0.85635359 0.87569061
  0.87845304 0.87845304 0.88535912 0.88535912]
 [0.89226519 0.87430939 0.89640884 0.88812155 0.85635359 0.87569061
  0.87845304 0.87845304 0.88535912 0.88535912]
 [0.89226519 0.87430939 0.89640884 0.88812155 0.85635359 0.87569061
  0.87845304 0.87845304 0.88535912 0.88535912]
 [0.89226519 0.87430939 0.89640884 0.88812155 0.85635359 0.87569061
  0.87845304 0.87845304 0.88535912 0.88535912]
 [0.89226519 0.87430939 0.89640884 0.88812155 0.85635359 0.87569061
  0.87845304 0.87845304 0.88535912 0.88535912]
 [0.89226519 0.87430939 0.89640884 0.88812155 0.85635359 0.87569061
  0.87845304 0.87845304 0.88535912 0.88535912]
 [0.89226519 0.87430939 0.89640884 0.88812155 0.85635359 0.87569061
  0.87845304 0.87845304 0.88535912 0.88535912]
 [0.89226519 0.87430939 0.89640884 0.88812155 0.85635359 0.87569061
  0.87845304 0.87845304 0.88535912 0.88535912]
 [0.89226519 0.87430939 0.89640884 0.88812155 0.85635359 0.87569061
  0.87845304 0.87845304 0.88535912 0.88535912]
 [0.89226519 0.87430939 0.89640884 0.88812155 0.85635359 0.87569061
  0.87845304 0.87845304 0.88535912 0.88535912]
 [0.89226519 0.87430939 0.89640884 0.88812155 0.85635359 0.87569061
  0.87845304 0.87845304 0.88535912 0.88535912]
 [0.89226519 0.87430939 0.89640884 0.88812155 0.85635359 0.87569061
  0.87845304 0.87845304 0.88535912 0.88535912]
 [0.89226519 0.87430939 0.89640884 0.88812155 0.85635359 0.87569061
  0.87845304 0.87845304 0.88535912 0.88535912]
 [0.89226519 0.87430939 0.89640884 0.88812155 0.85635359 0.87569061
  0.87845304 0.87845304 0.88535912 0.88535912]
 [0.89226519 0.87430939 0.89640884 0.88812155 0.85635359 0.87569061
  0.87845304 0.87845304 0.88535912 0.88535912]
 [0.89226519 0.87430939 0.89640884 0.88812155 0.85635359 0.87569061
  0.87845304 0.87845304 0.88535912 0.88535912]
 [0.89226519 0.87430939 0.89640884 0.88812155 0.85635359 0.87569061
  0.87845304 0.87845304 0.88535912 0.88535912]
 [0.89226519 0.87430939 0.89640884 0.88812155 0.85635359 0.87569061
  0.87845304 0.87845304 0.88535912 0.88535912]
 [0.89226519 0.87430939 0.89640884 0.88812155 0.85635359 0.87569061
  0.87845304 0.87845304 0.88535912 0.88535912]]