bank/SVM3

['linear', 'poly', 'rbf', 'sigmoid']

[[0.88708786 0.88656943 0.8872261  0.88650031 0.88732979 0.88822838
  0.88732979 0.88549803 0.88681136 0.88805557]
 [0.9078247  0.90734084 0.90747909 0.90637313 0.90606207 0.90692611
  0.90689155 0.90474874 0.90609663 0.90582014]
 [0.91103892 0.91027857 0.91000207 0.90976014 0.90989839 0.90972558
  0.90920716 0.9091726  0.90889611 0.90906892]
 [0.84184696 0.84305661 0.84243451 0.8433331  0.8418124  0.84174328
  0.84257275 0.83960047 0.84053363 0.84236538]]

[[0.88388167 0.88512579 0.88291402 0.88775228 0.890517   0.88567874
  0.88927288 0.89189936 0.88609345 0.88678463]
 [0.89494056 0.89673763 0.89646116 0.89936411 0.90005529 0.89756704
  0.89922588 0.90475532 0.90157589 0.89922588]
 [0.89715234 0.89867293 0.89756704 0.89825823 0.90282002 0.89936411
  0.89977882 0.90724357 0.90337296 0.90074647]
 [0.84310202 0.83771081 0.8403373  0.84600498 0.83895494 0.84282555
  0.84807852 0.84711087 0.84006082 0.84006082]]