seizure/ANN2

[1, 6, 11, 16, 21, 26, 31, 36, 41, 46, 51, 56, 61, 66, 71, 76, 81, 86, 91, 96, 101, 106, 111, 116]

[0.8755625  0.9578125  0.97078125 0.9809375  0.98384375 0.98646875
 0.98878125 0.987375   0.987      0.9894375  0.99084375 0.9910625
 0.99246875 0.99246875 0.99159375 0.99171875 0.99321875 0.99175
 0.99275    0.99225    0.99184375 0.9925     0.99296875 0.9940625 ]

[0.872125 0.943875 0.9505   0.953375 0.9565   0.960125 0.956375 0.956
 0.95475  0.95575  0.95675  0.956375 0.956    0.956875 0.956    0.9555
 0.9545   0.95625  0.954625 0.9565   0.957    0.954375 0.955625 0.955125]