seizure/ANN3

[0.01       0.03020408 0.05040816 0.07061224 0.09081633 0.11102041
 0.13122449 0.15142857 0.17163265 0.19183673 0.21204082 0.2322449
 0.25244898 0.27265306 0.29285714 0.31306122 0.33326531 0.35346939
 0.37367347 0.39387755 0.41408163 0.43428571 0.4544898  0.47469388
 0.49489796 0.51510204 0.53530612 0.5555102  0.57571429 0.59591837
 0.61612245 0.63632653 0.65653061 0.67673469 0.69693878 0.71714286
 0.73734694 0.75755102 0.7777551  0.79795918 0.81816327 0.83836735
 0.85857143 0.87877551 0.89897959 0.91918367 0.93938776 0.95959184
 0.97979592 1.        ]

[0.95834375 0.95825    0.95834375 0.9583125  0.95803125 0.9588125
 0.9585625  0.958      0.95775    0.95771875 0.95865625 0.95709375
 0.9575     0.95696875 0.956875   0.9564375  0.95609375 0.9561875
 0.95640625 0.95590625 0.95634375 0.95575    0.9559375  0.9563125
 0.956      0.9558125  0.95603125 0.95559375 0.95528125 0.9559375
 0.95559375 0.95503125 0.95490625 0.9545625  0.95546875 0.955125
 0.9553125  0.9550625  0.9540625  0.954375   0.95465625 0.954125
 0.95315625 0.9541875  0.95384375 0.95378125 0.95303125 0.9533125
 0.953625   0.95303125]

[0.943    0.941875 0.941125 0.9415   0.940375 0.94025  0.939375 0.93975
 0.939875 0.9405   0.941    0.94025  0.9395   0.940625 0.941    0.940375
 0.941375 0.939625 0.9405   0.940375 0.940125 0.941125 0.940375 0.941
 0.941    0.94125  0.941    0.9405   0.9415   0.9415   0.940625 0.941875
 0.941125 0.940625 0.94075  0.93975  0.940375 0.9405   0.940625 0.941
 0.940375 0.940625 0.941    0.941875 0.941125 0.942    0.941375 0.940875
 0.940375 0.94125 ]