seizure/BoostDT4

[0.01       0.03020408 0.05040816 0.07061224 0.09081633 0.11102041
 0.13122449 0.15142857 0.17163265 0.19183673 0.21204082 0.2322449
 0.25244898 0.27265306 0.29285714 0.31306122 0.33326531 0.35346939
 0.37367347 0.39387755 0.41408163 0.43428571 0.4544898  0.47469388
 0.49489796 0.51510204 0.53530612 0.5555102  0.57571429 0.59591837
 0.61612245 0.63632653 0.65653061 0.67673469 0.69693878 0.71714286
 0.73734694 0.75755102 0.7777551  0.79795918 0.81816327 0.83836735
 0.85857143 0.87877551 0.89897959 0.91918367 0.93938776 0.95959184
 0.97979592 1.        ]

[0.971875   0.97753125 0.98296875 0.9900625  0.99396875 0.997375
 0.99871875 0.99925    0.99909375 0.9998125  0.99971875 0.99990625
 0.99990625 0.9998125  0.9999375  1.         0.9999375  0.99996875
 0.99996875 1.         1.         1.         1.         1.
 1.         1.         1.         1.         1.         1.
 1.         1.         1.         1.         1.         1.
 1.         1.         1.         1.         1.         1.
 1.         1.         1.         1.         1.         1.
 1.         1.        ]

[0.94775  0.951875 0.951    0.951875 0.94925  0.951125 0.9485   0.94675
 0.946375 0.94175  0.944375 0.944875 0.944625 0.94275  0.94125  0.9435
 0.935875 0.940125 0.939125 0.940125 0.943375 0.941375 0.937625 0.942875
 0.941    0.939625 0.94175  0.938875 0.939875 0.94375  0.936125 0.940375
 0.935875 0.9355   0.938625 0.94025  0.939875 0.936125 0.93725  0.936875
 0.9425   0.935    0.9405   0.93675  0.93725  0.931375 0.937875 0.936125
 0.937    0.9345  ]