seizure/BoostDT2

[1, 2, 3, 4, 5, 6, 7, 8, 9, 10, 11, 12, 13, 14, 15, 16, 17, 18, 19, 20, 21, 22, 23, 24, 25, 26, 27, 28, 29, 30, 31, 32, 33, 34, 35, 36, 37, 38, 39, 40, 41, 42, 43, 44, 45, 46, 47, 48, 49]

[1.         1.         1.         1.         1.         1.
 1.         1.         1.         1.         1.         1.
 1.         1.         1.         1.         1.         1.
 1.         1.         1.         1.         1.         1.
 1.         1.         1.         1.         1.         1.
 1.         1.         1.         1.         1.         1.
 1.         0.9999375  0.99996875 1.         0.99996875 0.999875
 0.9999375  0.999875   0.99984375 0.99978125 0.99953125 0.99971875
 0.99953125]

[0.9245   0.93175  0.93775  0.939125 0.9375   0.9355   0.938125 0.935375
 0.93675  0.939625 0.937625 0.933875 0.932625 0.934125 0.9355   0.93375
 0.932375 0.933875 0.934    0.936375 0.92725  0.937625 0.933625 0.935
 0.930375 0.93025  0.93     0.930125 0.92825  0.931875 0.929375 0.931625
 0.93275  0.93     0.931875 0.9265   0.93425  0.93     0.927375 0.9285
 0.929125 0.931875 0.934625 0.92975  0.929625 0.926375 0.926625 0.93
 0.926125]