seizure/BoostDT1

[  32   96  161  225  290  355  419  484  549  613  678  743  807  872
  937 1001 1066 1131 1195 1260 1325 1389 1454 1519 1583 1648 1712 1777
 1842 1906 1971 2036 2100 2165 2230 2294 2359 2424 2488 2553 2618 2682
 2747 2812 2876 2941 3006 3070 3135 3200]

[0.803125 0.990625 1.       1.       1.       1.       1.       1.
 1.       1.       1.       1.       1.       1.       1.       1.
 1.       1.       1.       1.       1.       1.       1.       1.
 1.       1.       1.       1.       1.       1.       1.       1.
 1.       1.       1.       1.       1.       1.       1.       1.
 1.       1.       1.       1.       1.       1.       1.       1.
 1.       1.      ]

[0.81     0.808    0.852    0.863875 0.86975  0.87475  0.8905   0.892
 0.89875  0.90525  0.908    0.915    0.910875 0.916125 0.91475  0.9165
 0.91525  0.914625 0.921375 0.914875 0.918375 0.922875 0.916875 0.925125
 0.9215   0.9235   0.923625 0.93225  0.92075  0.928125 0.9225   0.925375
 0.925125 0.926625 0.93075  0.92975  0.928125 0.930125 0.9275   0.930375
 0.931125 0.929875 0.9295   0.9295   0.931    0.929375 0.933375 0.930875
 0.928875 0.93775 ]