seizure/DT2

[1, 2, 3, 4, 5, 6, 7, 8, 9, 10, 11, 12, 13, 14, 15, 16, 17, 18, 19, 20, 21, 22, 23, 24, 25, 26, 27, 28, 29, 30, 31, 32, 33, 34, 35, 36, 37, 38, 39, 40, 41, 42, 43, 44, 45, 46, 47, 48, 49]

[1.         0.99084375 0.9875     0.9820625  0.97809375 0.974625
 0.972      0.96840625 0.9664375  0.96425    0.96321875 0.9615
 0.95990625 0.95815625 0.956875   0.955875   0.955125   0.9545
 0.95284375 0.95184375 0.95084375 0.95053125 0.9499375  0.94903125
 0.94790625 0.94703125 0.946375   0.94565625 0.945      0.94415625
 0.94359375 0.94196875 0.9410625  0.940375   0.9401875  0.9395625
 0.9389375  0.938375   0.93796875 0.9375625  0.9365625  0.93621875
 0.93603125 0.935375   0.9351875  0.935      0.93503125 0.93465625
 0.9344375 ]

[0.9245   0.926375 0.929625 0.930125 0.931375 0.928375 0.930125 0.928625
 0.930625 0.93325  0.93325  0.933375 0.9325   0.93025  0.929875 0.931875
 0.931375 0.930125 0.93075  0.931125 0.931875 0.93025  0.929375 0.93
 0.9305   0.930625 0.93025  0.929125 0.9275   0.9265   0.92575  0.925
 0.92425  0.925625 0.925375 0.925125 0.925875 0.9265   0.927375 0.926375
 0.925625 0.92475  0.9225   0.9225   0.922375 0.92225  0.921875 0.922
 0.92225 ]