seizure/DT3

[1, 2, 3, 4, 5, 6, 7, 8, 9, 10, 11, 12, 13, 14, 15, 16, 17, 18, 19, 20, 21, 22, 23, 24, 25, 26, 27, 28, 29, 30, 31, 32, 33, 34, 35, 36, 37, 38, 39, 40, 41, 42, 43, 44, 45, 46, 47, 48, 49]

[0.86253125 0.90121875 0.918875   0.9318125  0.9426875  0.9461875
 0.94790625 0.94790625 0.9479375  0.94796875 0.94796875 0.94796875
 0.9479375  0.9479375  0.94790625 0.94796875 0.94790625 0.9479375
 0.94790625 0.9479375  0.9479375  0.94796875 0.9479375  0.94790625
 0.9479375  0.9479375  0.94790625 0.9479375  0.9479375  0.9479375
 0.9479375  0.94790625 0.9479375  0.94796875 0.9479375  0.9479375
 0.9479375  0.94796875 0.9479375  0.94796875 0.94790625 0.94790625
 0.94796875 0.9479375  0.94790625 0.9479375  0.94790625 0.9479375
 0.94790625]

[0.867375 0.901875 0.915125 0.920375 0.926625 0.929125 0.930375 0.929625
 0.931375 0.93125  0.930875 0.92975  0.92975  0.929625 0.930375 0.930125
 0.92975  0.92975  0.930125 0.930375 0.929375 0.929625 0.929625 0.929375
 0.93025  0.931125 0.9305   0.93075  0.9295   0.9305   0.930625 0.931
 0.9305   0.93125  0.93125  0.930875 0.93075  0.930875 0.930125 0.930125
 0.9295   0.931125 0.930875 0.92975  0.9295   0.93075  0.930625 0.929875
 0.929875]