seizure/KNN2

[1, 2, 3, 4, 5, 6, 7, 8, 9, 10, 11, 12, 13, 14, 15, 16, 17, 18, 19, 20, 21, 22, 23, 24, 25, 26, 27, 28, 29, 30, 31, 32, 33, 34, 35, 36, 37, 38, 39, 40, 41, 42, 43, 44, 45, 46, 47, 48, 49]

[1.         0.94940625 0.96053125 0.94290625 0.951375   0.93725
 0.9418125  0.9308125  0.93490625 0.9269375  0.93003125 0.923125
 0.92571875 0.9195     0.92184375 0.91671875 0.9181875  0.91321875
 0.9146875  0.9108125  0.9118125  0.90853125 0.90975    0.9064375
 0.90759375 0.9043125  0.90553125 0.9020625  0.90321875 0.90034375
 0.901125   0.8985     0.8995     0.89684375 0.897625   0.895625
 0.89640625 0.8935625  0.89509375 0.89234375 0.89321875 0.8908125
 0.892      0.8894375  0.89040625 0.88709375 0.88846875 0.88528125
 0.88628125]

[0.936375 0.9275   0.944    0.932125 0.939125 0.926875 0.9325   0.923875
 0.928625 0.922125 0.926125 0.919375 0.92175  0.91675  0.919125 0.913625
 0.91625  0.91025  0.911    0.907625 0.9085   0.905875 0.9065   0.9045
 0.9055   0.902875 0.904125 0.9005   0.901875 0.89925  0.900625 0.8975
 0.89825  0.89575  0.897375 0.894375 0.8955   0.893875 0.894875 0.891375
 0.892375 0.8895   0.890875 0.887625 0.88825  0.886    0.886875 0.8835
 0.884625]