seizure/SVM2

[ 0.01        0.21387755  0.4177551   0.62163265  0.8255102   1.02938776
  1.23326531  1.43714286  1.64102041  1.84489796  2.04877551  2.25265306
  2.45653061  2.66040816  2.86428571  3.06816327  3.27204082  3.47591837
  3.67979592  3.88367347  4.08755102  4.29142857  4.49530612  4.69918367
  4.90306122  5.10693878  5.31081633  5.51469388  5.71857143  5.92244898
  6.12632653  6.33020408  6.53408163  6.73795918  6.94183673  7.14571429
  7.34959184  7.55346939  7.75734694  7.96122449  8.16510204  8.36897959
  8.57285714  8.77673469  8.98061224  9.1844898   9.38836735  9.5922449
  9.79612245 10.        ]

[0.91378125 0.94434375 0.94775    0.95075    0.95221875 0.95378125
 0.955      0.95596875 0.95684375 0.95759375 0.95803125 0.95834375
 0.95884375 0.95953125 0.96034375 0.96096875 0.96153125 0.96221875
 0.9625625  0.962875   0.9630625  0.9633125  0.9635     0.964
 0.96434375 0.96465625 0.96490625 0.96515625 0.9653125  0.9655625
 0.9660625  0.96625    0.96634375 0.96653125 0.966875   0.967
 0.9671875  0.967375   0.9675     0.9678125  0.9679375  0.968125
 0.96840625 0.96853125 0.9686875  0.96896875 0.9690625  0.96925
 0.96946875 0.969625  ]

[0.916    0.945125 0.9495   0.951125 0.952625 0.952875 0.95375  0.954375
 0.954625 0.95425  0.95475  0.955    0.95525  0.9555   0.955375 0.956
 0.9565   0.956875 0.956875 0.957    0.957125 0.95725  0.957375 0.957
 0.957375 0.957375 0.957875 0.957875 0.958    0.958125 0.958    0.958125
 0.957875 0.957875 0.958    0.957875 0.957875 0.957875 0.957875 0.957875
 0.95775  0.95775  0.95775  0.957875 0.957875 0.958125 0.958125 0.95825
 0.95825  0.958375]