mnist/ANN2

[1, 3, 5, 7, 9, 11, 13, 15, 17, 19, 21, 23, 25, 27, 29, 31, 33, 35, 37, 39, 41, 43, 45, 47, 49, 51, 53, 55, 57, 59, 61, 63, 65, 67, 69, 71, 73, 75, 77, 79, 81, 83, 85, 87, 89, 91, 93, 95, 97, 99, 101, 103, 105, 107, 109, 111, 113, 115, 117, 119]

[[0.4040025  0.40025016 0.38398999 0.41025641 0.37273296 0.38023765
  0.3902439  0.37460913 0.38398999 0.40337711]
 [0.89305816 0.89868668 0.88868043 0.88742964 0.90368981 0.91744841
  0.89368355 0.90744215 0.89180738 0.90494059]
 [0.97873671 0.97310819 0.96685428 0.9724828  0.96873046 0.98061288
  0.9793621  0.98123827 0.97748593 0.97560976]
 [0.99499687 0.99749844 0.9931207  0.99249531 0.99624765 0.99562226
  0.99437148 0.99812383 0.99687305 0.99624765]
 [0.99937461 1.         0.99874922 0.99937461 0.99812383 0.99749844
  0.99874922 1.         0.99874922 0.99937461]
 [0.99937461 1.         0.99874922 0.99937461 0.99874922 0.99874922
  0.99874922 0.99874922 0.99812383 0.99874922]
 [0.99937461 1.         0.99937461 1.         0.99937461 0.99937461
  0.99937461 1.         1.         0.99937461]
 [0.99937461 0.99937461 1.         0.99937461 1.         1.
  1.         0.99937461 1.         0.99937461]
 [1.         1.         1.         1.         1.         1.
  1.         1.         1.         1.        ]
 [1.         1.         1.         1.         1.         1.
  1.         1.         1.         1.        ]
 [1.         1.         1.         1.         1.         1.
  1.         1.         1.         1.        ]
 [1.         1.         1.         1.         1.         1.
  1.         1.         1.         1.        ]
 [1.         1.         1.         1.         1.         1.
  1.         1.         1.         1.        ]
 [1.         1.         1.         1.         1.         1.
  1.         1.         1.         1.        ]
 [1.         1.         1.         1.         1.         1.
  1.         1.         1.         1.        ]
 [1.         1.         1.         1.         1.         1.
  1.         1.         1.         1.        ]
 [1.         1.         1.         1.         1.         1.
  1.         1.         1.         1.        ]
 [1.         1.         1.         1.         1.         1.
  1.         1.         1.         1.        ]
 [1.         1.         1.         1.         1.         1.
  1.         1.         1.         1.        ]
 [1.         1.         1.         1.         1.         1.
  1.         1.         1.         1.        ]
 [1.         1.         1.         1.         1.         1.
  1.         1.         1.         1.        ]
 [1.         1.         1.         1.         1.         1.
  1.         1.         1.         1.        ]
 [1.         1.         1.         1.         1.         1.
  1.         1.         1.         1.        ]
 [1.         1.         1.         1.         1.         1.
  1.         1.         1.         1.        ]
 [1.         1.         1.         1.         1.         1.
  1.         1.         1.         1.        ]
 [1.         1.         1.         1.         1.         1.
  1.         1.         1.         1.        ]
 [1.         1.         1.         1.         1.         1.
  1.         1.         1.         1.        ]
 [1.         1.         1.         1.         1.         1.
  1.         1.         1.         1.        ]
 [1.         1.         1.         1.         1.         1.
  1.         1.         1.         1.        ]
 [1.         1.         1.         1.         1.         1.
  1.         1.         1.         1.        ]
 [1.         1.         1.         1.         1.         1.
  1.         1.         1.         1.        ]
 [1.         1.         1.         1.         1.         1.
  1.         1.         1.         1.        ]
 [1.         1.         1.         1.         1.         1.
  1.         1.         1.         1.        ]
 [1.         1.         1.         1.         1.         1.
  1.         1.         1.         1.        ]
 [1.         1.         1.         1.         1.         1.
  1.         1.         1.         1.        ]
 [1.         1.         1.         1.         1.         1.
  1.         1.         1.         1.        ]
 [1.         1.         1.         1.         1.         1.
  1.         1.         1.         1.        ]
 [1.         1.         1.         1.         1.         1.
  1.         1.         1.         1.        ]
 [1.         1.         1.         1.         1.         1.
  1.         1.         1.         1.        ]
 [1.         1.         1.         1.         1.         1.
  1.         1.         1.         1.        ]
 [1.         1.         1.         1.         1.         1.
  1.         1.         1.         1.        ]
 [1.         1.         1.         1.         1.         1.
  1.         1.         1.         1.        ]
 [1.         1.         1.         1.         1.         1.
  1.         1.         1.         1.        ]
 [1.         1.         1.         1.         1.         1.
  1.         1.         1.         1.        ]
 [1.         1.         1.         1.         1.         1.
  1.         1.         1.         1.        ]
 [1.         1.         1.         1.         1.         1.
  1.         1.         1.         1.        ]
 [1.         1.         1.         1.         1.         1.
  1.         1.         1.         1.        ]
 [1.         1.         1.         1.         1.         1.
  1.         1.         1.         1.        ]
 [1.         1.         1.         1.         1.         1.
  1.         1.         1.         1.        ]
 [1.         1.         1.         1.         1.         1.
  1.         1.         1.         1.        ]
 [1.         1.         1.         1.         1.         1.
  1.         1.         1.         1.        ]
 [1.         1.         1.         1.         1.         1.
  1.         1.         1.         1.        ]
 [1.         1.         1.         1.         1.         1.
  1.         1.         1.         1.        ]
 [1.         1.         1.         1.         1.         1.
  1.         1.         1.         1.        ]
 [1.         1.         1.         1.         1.         1.
  1.         1.         1.         1.        ]
 [1.         1.         1.         1.         1.         1.
  1.         1.         1.         1.        ]
 [1.         1.         1.         1.         1.         1.
  1.         1.         1.         1.        ]
 [1.         1.         1.         1.         1.         1.
  1.         1.         1.         1.        ]
 [1.         1.         1.         1.         1.         1.
  1.         1.         1.         1.        ]
 [1.         1.         1.         1.         1.         1.
  1.         1.         1.         1.        ]]

[[0.2575 0.3075 0.33   0.31   0.3125 0.305  0.3025 0.2825 0.285  0.32  ]
 [0.6725 0.665  0.705  0.6775 0.69   0.7175 0.6625 0.685  0.67   0.6825]
 [0.725  0.715  0.78   0.7425 0.7475 0.7225 0.7425 0.77   0.72   0.7325]
 [0.7725 0.7775 0.7975 0.8    0.8    0.775  0.7575 0.785  0.7925 0.8   ]
 [0.7925 0.7875 0.7925 0.8075 0.7775 0.8075 0.77   0.8025 0.79   0.7975]
 [0.7825 0.7825 0.82   0.8025 0.7625 0.7775 0.785  0.7825 0.7875 0.785 ]
 [0.8    0.7775 0.825  0.7975 0.81   0.8    0.81   0.7775 0.8075 0.7975]
 [0.795  0.7975 0.825  0.8025 0.8075 0.8125 0.8    0.81   0.805  0.8125]
 [0.7875 0.79   0.805  0.8075 0.8025 0.7975 0.81   0.81   0.7925 0.8125]
 [0.8175 0.795  0.835  0.7925 0.8    0.8075 0.8025 0.795  0.8025 0.8175]
 [0.79   0.7925 0.8275 0.8025 0.78   0.795  0.78   0.8025 0.825  0.785 ]
 [0.805  0.7925 0.815  0.79   0.82   0.81   0.7975 0.805  0.7975 0.8125]
 [0.8    0.785  0.805  0.82   0.82   0.8    0.79   0.8025 0.825  0.8175]
 [0.805  0.8175 0.825  0.8225 0.8225 0.815  0.8225 0.81   0.7975 0.825 ]
 [0.7925 0.7975 0.8375 0.81   0.8125 0.81   0.805  0.82   0.8425 0.8125]
 [0.8025 0.7975 0.8175 0.8125 0.8275 0.81   0.7975 0.8125 0.8025 0.8175]
 [0.7975 0.79   0.8125 0.81   0.795  0.815  0.7875 0.795  0.8175 0.82  ]
 [0.8025 0.805  0.845  0.83   0.8225 0.815  0.8125 0.82   0.8325 0.8075]
 [0.795  0.7975 0.8325 0.805  0.82   0.7975 0.805  0.8    0.82   0.83  ]
 [0.825  0.7975 0.8275 0.7975 0.82   0.8175 0.7975 0.8075 0.8275 0.8225]
 [0.8125 0.79   0.83   0.8075 0.8125 0.8025 0.81   0.8125 0.82   0.835 ]
 [0.815  0.7875 0.8325 0.7925 0.795  0.8225 0.785  0.79   0.8225 0.81  ]
 [0.8    0.7975 0.82   0.8075 0.8    0.8    0.8125 0.81   0.815  0.8075]
 [0.8075 0.7975 0.8375 0.8    0.8175 0.8225 0.81   0.7975 0.8125 0.8225]
 [0.805  0.795  0.84   0.8075 0.8175 0.815  0.8    0.81   0.825  0.825 ]
 [0.8125 0.8075 0.835  0.805  0.825  0.8275 0.8075 0.8025 0.825  0.825 ]
 [0.815  0.8025 0.8375 0.815  0.8275 0.8275 0.8225 0.82   0.825  0.835 ]
 [0.83   0.8075 0.8275 0.8075 0.83   0.815  0.815  0.8    0.815  0.8275]
 [0.805  0.81   0.835  0.81   0.84   0.8175 0.795  0.82   0.81   0.835 ]
 [0.7875 0.805  0.8275 0.8175 0.81   0.8175 0.815  0.81   0.815  0.8375]
 [0.82   0.805  0.835  0.805  0.81   0.8175 0.7975 0.8125 0.83   0.8025]
 [0.8225 0.79   0.8275 0.8125 0.8225 0.81   0.8075 0.8175 0.8275 0.8225]
 [0.8175 0.8075 0.85   0.825  0.8275 0.82   0.805  0.8075 0.8275 0.825 ]
 [0.82   0.81   0.85   0.825  0.8175 0.825  0.8075 0.81   0.815  0.8375]
 [0.8175 0.8    0.84   0.825  0.825  0.82   0.82   0.81   0.8375 0.8375]
 [0.8075 0.795  0.835  0.8375 0.815  0.815  0.8125 0.825  0.8225 0.835 ]
 [0.8075 0.79   0.84   0.81   0.83   0.8125 0.8075 0.81   0.805  0.8225]
 [0.8    0.79   0.8375 0.81   0.805  0.815  0.8025 0.8175 0.835  0.82  ]
 [0.8225 0.82   0.83   0.8275 0.81   0.815  0.805  0.81   0.835  0.85  ]
 [0.825  0.805  0.8475 0.8175 0.82   0.8275 0.815  0.8175 0.83   0.8225]
 [0.815  0.795  0.8375 0.8225 0.83   0.82   0.8125 0.8175 0.815  0.84  ]
 [0.815  0.7875 0.835  0.805  0.805  0.8275 0.8175 0.8025 0.82   0.82  ]
 [0.8125 0.79   0.845  0.8125 0.82   0.815  0.8025 0.8075 0.8125 0.8375]
 [0.8    0.7975 0.815  0.815  0.81   0.8175 0.8    0.8025 0.8175 0.8225]
 [0.825  0.815  0.8475 0.81   0.825  0.825  0.8025 0.7975 0.83   0.8375]
 [0.805  0.79   0.8275 0.8175 0.84   0.8125 0.8175 0.8125 0.835  0.84  ]
 [0.8175 0.805  0.8225 0.8125 0.82   0.8125 0.8125 0.81   0.83   0.8275]
 [0.815  0.8    0.8425 0.82   0.83   0.815  0.8125 0.8175 0.8325 0.83  ]
 [0.815  0.7925 0.83   0.8175 0.8125 0.8175 0.8025 0.815  0.825  0.8275]
 [0.8225 0.8025 0.835  0.8175 0.825  0.805  0.8175 0.825  0.8325 0.8275]
 [0.8125 0.8    0.8325 0.8225 0.8175 0.83   0.82   0.81   0.83   0.83  ]
 [0.825  0.7975 0.845  0.8225 0.815  0.825  0.815  0.8075 0.83   0.8375]
 [0.8125 0.7975 0.8325 0.8125 0.81   0.82   0.8025 0.7975 0.8175 0.815 ]
 [0.82   0.8125 0.8425 0.825  0.8075 0.81   0.8025 0.805  0.8375 0.8225]
 [0.805  0.7975 0.8325 0.82   0.82   0.8225 0.8075 0.8    0.815  0.8275]
 [0.825  0.7975 0.8375 0.8225 0.825  0.83   0.815  0.8225 0.8325 0.8325]
 [0.8175 0.8    0.8325 0.815  0.825  0.8325 0.8075 0.805  0.83   0.8275]
 [0.8125 0.79   0.825  0.8225 0.84   0.8175 0.7975 0.825  0.8375 0.825 ]
 [0.805  0.805  0.84   0.82   0.825  0.8175 0.8025 0.8175 0.8375 0.835 ]
 [0.82   0.8025 0.8325 0.8    0.825  0.825  0.7975 0.8075 0.8275 0.82  ]]