mnist/ANN2

[1, 6, 11, 16, 21, 26, 31, 36, 41, 46, 51, 56, 61, 66, 71, 76, 81, 86, 91, 96, 101, 106, 111, 116]

[0.32263915 0.96310194 0.99793621 0.99993746 1.         1.
 1.         1.         1.         1.         1.         1.
 1.         1.         1.         1.         1.         1.
 1.         1.         1.         1.         1.         1.        ]

[0.281   0.76575 0.79    0.80475 0.7975  0.8     0.80975 0.8105  0.81325
 0.815   0.81725 0.816   0.8135  0.816   0.82    0.8205  0.8205  0.81825
 0.81975 0.81925 0.8205  0.817   0.824   0.8205 ]