mnist/ANN3

[0.01    0.05125 0.0925  0.13375 0.175   0.21625 0.2575  0.29875 0.34
 0.38125 0.4225  0.46375 0.505   0.54625 0.5875  0.62875 0.67    0.71125
 0.7525  0.79375 0.835   0.87625 0.9175  0.95875 1.     ]

[0.95065666 0.95053158 0.95021889 0.94909318 0.94921826 0.94909318
 0.94859287 0.94840525 0.9478424  0.94727955 0.94752971 0.94709193
 0.94590369 0.94577861 0.94577861 0.94584115 0.94577861 0.94559099
 0.94502814 0.94471545 0.94490306 0.94421513 0.94333959 0.94258912
 0.94246404]

[0.75575 0.75475 0.75575 0.759   0.7605  0.762   0.7635  0.76275 0.7635
 0.76375 0.7645  0.765   0.7675  0.76775 0.7665  0.76925 0.76825 0.769
 0.77075 0.7705  0.77    0.7695  0.772   0.771   0.7695 ]