mnist/ann_learning_curve_size_pre

[  15   81  147  213  279  345  411  477  543  609  675  741  807  873
  939 1005 1071 1137 1203 1269 1335 1401 1467 1533 1599]

[0.97333333 0.96049383 0.95170068 0.96103286 0.96630824 0.95855072
 0.96374696 0.9721174  0.97311234 0.97011494 0.97511111 0.97206478
 0.97174721 0.97147766 0.97294995 0.96696517 0.97413632 0.97440633
 0.92718204 0.97446809 0.97580524 0.86852248 0.97539196 0.97592955
 0.97542214]

[0.3695  0.55225 0.6215  0.64725 0.66575 0.6745  0.68825 0.69275 0.691
 0.723   0.71225 0.71325 0.73825 0.72625 0.72825 0.744   0.72825 0.72775
 0.759   0.73875 0.73775 0.758   0.73325 0.73625 0.73975]