mnist/ann_learning_curve_epoch_pre

[0, 1, 2, 3, 4, 5, 6, 7, 8, 9, 10, 11, 12, 13, 14, 15, 16, 17, 18, 19, 20, 21, 22, 23, 24]

[0.81869919 0.83214509 0.8427142  0.84890557 0.85722326 0.86041276
 0.86547842 0.87354597 0.87748593 0.88292683 0.88355222 0.88592871
 0.8891182  0.89756098 0.89949969 0.90281426 0.90368981 0.90500313
 0.90650407 0.90681676 0.90844278 0.91019387 0.91175735 0.91207004
 0.91388368]

[0.813   0.82325 0.82675 0.8305  0.8375  0.83975 0.84075 0.84525 0.84725
 0.84675 0.84975 0.845   0.85275 0.85575 0.85675 0.85875 0.85675 0.8585
 0.85425 0.85275 0.85575 0.85425 0.85175 0.85325 0.84925]