mnist/ann_vld_curve_1

[1, 6, 11, 16, 21, 26, 31, 36, 41, 46, 51, 56, 61, 66, 71, 76, 81, 86, 91, 96, 101, 106, 111, 116]

[0.39036898 0.98524078 0.99893684 1.         1.         1.
 1.         1.         1.         1.         1.         1.
 1.         1.         1.         1.         1.         1.
 1.         1.         1.         1.         1.         1.        ]

[0.30125 0.757   0.78675 0.80375 0.798   0.79975 0.80975 0.8105  0.81325
 0.815   0.81725 0.816   0.8135  0.816   0.82    0.8205  0.8205  0.81825
 0.81975 0.81925 0.8205  0.817   0.824   0.8205 ]