mnist/ann_vld_curve_2

[1.00000000e-05 2.08334292e+00 4.16667583e+00 6.25000875e+00
 8.33334167e+00 1.04166746e+01 1.25000075e+01 1.45833404e+01
 1.66666733e+01 1.87500062e+01 2.08333392e+01 2.29166721e+01
 2.50000050e+01 2.70833379e+01 2.91666708e+01 3.12500037e+01
 3.33333367e+01 3.54166696e+01 3.75000025e+01 3.95833354e+01
 4.16666683e+01 4.37500012e+01 4.58333342e+01 4.79166671e+01
 5.00000000e+01]

[0.97592245 0.95691057 0.92951845 0.90850532 0.88699187 0.87836148
 0.86935585 0.85834897 0.84828018 0.84146341 0.83520951 0.83001876
 0.82270169 0.81657286 0.81069418 0.80312695 0.79818637 0.79005629
 0.78380238 0.77811132 0.77229518 0.768793   0.76647905 0.76291432
 0.75997498]

[0.73825 0.7775  0.793   0.8015  0.79875 0.8015  0.79775 0.79675 0.79075
 0.792   0.78925 0.7855  0.782   0.77775 0.776   0.76775 0.7655  0.7605
 0.755   0.7525  0.7475  0.74475 0.747   0.74325 0.74275]