mnist/ann_learning_curve_epoch_post

[0, 1, 2, 3, 4, 5, 6, 7, 8, 9, 10, 11, 12, 13, 14, 15, 16, 17, 18, 19, 20, 21, 22, 23, 24]

[0.88017511 0.89180738 0.90150094 0.89987492 0.90506567 0.90562852
 0.91000625 0.91113196 0.91038149 0.9134459  0.91207004 0.91244528
 0.91325829 0.91288305 0.91275797 0.91150719 0.91144465 0.9163227
 0.91282051 0.91538462 0.91369606 0.91432145 0.9163227  0.91269543
 0.91763602]

[0.864   0.8595  0.85025 0.83975 0.8355  0.83075 0.82825 0.82725 0.82625
 0.8275  0.8235  0.821   0.8215  0.81775 0.826   0.81675 0.82125 0.81625
 0.8195  0.81625 0.81875 0.81875 0.81725 0.81675 0.81475]