mnist/ann_learning_curve_size_post

[  15   81  147  213  279  345  411  477  543  609  675  741  807  873
  939 1005 1071 1137 1203 1269 1335 1401 1467 1533 1599]

[1.         1.         1.         0.91971831 0.99856631 1.
 0.886618   0.99161426 0.99668508 0.86190476 0.98385185 0.99055331
 0.83556382 0.97548683 0.98381257 0.82656716 0.96498599 0.97493404
 0.79775561 0.95263987 0.9635206  0.72248394 0.94430811 0.95766471
 0.95853659]

[0.45425 0.701   0.74675 0.7315  0.769   0.777   0.76025 0.78425 0.796
 0.7735  0.7995  0.8005  0.76975 0.8045  0.80775 0.766   0.81175 0.81375
 0.75675 0.813   0.815   0.70625 0.81    0.818   0.819  ]