mnist/BoostDT3

[1, 5, 9, 13, 17, 21, 25, 29, 33, 37, 41, 45, 49, 53, 57, 61, 65, 69, 73, 77, 81, 85, 89, 93, 97]

[0.77617261 0.88843027 0.93977486 0.95934959 0.9673546  0.97548468
 0.97879925 0.98136335 0.98542839 0.98830519 0.98686679 0.9905566
 0.99143215 0.99218261 0.99318324 0.99368355 0.99293308 0.99368355
 0.99368355 0.99549719 0.99405879 0.99543465 0.99543465 0.99687305
 0.99549719]

[0.68525 0.69025 0.71575 0.74375 0.7415  0.74675 0.76275 0.765   0.764
 0.76975 0.76475 0.78    0.7695  0.771   0.7785  0.7785  0.78925 0.782
 0.78275 0.7735  0.78825 0.791   0.7885  0.7845  0.79225]