mnist/BoostDT1

[  15   81  147  213  279  345  411  477  543  609  675  741  807  873
  939 1005 1071 1137 1203 1269 1335 1401 1467 1533 1599]

[0.24       0.58271605 0.65238095 0.76384977 0.80107527 0.81507246
 0.83381995 0.83626834 0.83812155 0.8546798  0.85822222 0.87206478
 0.87509294 0.87216495 0.86911608 0.88       0.88356676 0.88161829
 0.88196176 0.87730496 0.8811985  0.88015703 0.88752556 0.88727984
 0.88893058]

[0.098   0.39675 0.446   0.549   0.5555  0.58325 0.58925 0.6245  0.6115
 0.64    0.6405  0.649   0.643   0.66025 0.661   0.66775 0.6885  0.67375
 0.6785  0.68775 0.68775 0.6825  0.69225 0.6965  0.6975 ]