mnist/BoostDT4

[0.01    0.05125 0.0925  0.13375 0.175   0.21625 0.2575  0.29875 0.34
 0.38125 0.4225  0.46375 0.505   0.54625 0.5875  0.62875 0.67    0.71125
 0.7525  0.79375 0.835   0.87625 0.9175  0.95875 1.     ]

[0.86529081 0.92363977 0.94077548 0.94534084 0.94108818 0.92958099
 0.92701689 0.92414009 0.91769856 0.91907442 0.90938086 0.89974984
 0.90075047 0.89831144 0.90231395 0.90350219 0.89699812 0.9003127
 0.89831144 0.89243277 0.89005629 0.88924328 0.89193246 0.89262039
 0.89068168]

[0.742   0.76725 0.76975 0.7545  0.74175 0.7285  0.72125 0.714   0.7125
 0.70625 0.703   0.702   0.70325 0.687   0.68625 0.695   0.699   0.69025
 0.6945  0.69275 0.6885  0.6895  0.70025 0.6875  0.685  ]