mnist/boost_dt_learning_curve_epoch_pre

[1, 5, 9, 13, 17, 21, 25, 29, 33, 37, 41, 45, 49, 53, 57, 61, 65, 69, 73, 77, 81, 85, 89, 93, 97]

[0.77617261 0.88730457 0.93420888 0.95628518 0.9699187  0.97585991
 0.9782364  0.98267667 0.98605378 0.98567855 0.98805503 0.98930582
 0.99243277 0.99237023 0.99293308 0.99362101 0.9942464  0.99349593
 0.99330832 0.99493433 0.99555972 0.99543465 0.99606004 0.99637273
 0.99612258]

[0.68575 0.69475 0.72425 0.7385  0.74775 0.761   0.7625  0.7705  0.766
 0.76825 0.776   0.769   0.77775 0.7845  0.78075 0.77225 0.786   0.782
 0.78825 0.788   0.78425 0.7895  0.79    0.79325 0.787  ]