mnist/boost_dt_learning_curve_size_pre

[  15   81  147  213  279  345  411  477  543  609  675  741  807  873
  939 1005 1071 1137 1203 1269 1335 1401 1467 1533 1599]

[0.24       0.58148148 0.65238095 0.76384977 0.79964158 0.82173913
 0.83844282 0.83228512 0.83830571 0.84975369 0.8637037  0.87246964
 0.87781908 0.87021764 0.87092652 0.8799005  0.8767507  0.87405453
 0.88295927 0.88156028 0.88411985 0.88165596 0.88329925 0.89165036
 0.88949343]

[0.098   0.3955  0.4455  0.54275 0.5555  0.581   0.5995  0.62175 0.6195
 0.6325  0.6535  0.66275 0.658   0.66725 0.66675 0.65575 0.66    0.66525
 0.68025 0.68525 0.68825 0.6885  0.678   0.69975 0.68575]