mnist/boost_dt_vld_curve_1

[1, 9, 17, 25, 33, 41, 49, 57, 65, 73, 81, 89, 97, 105, 113, 121, 129, 137, 145, 153, 161, 169, 177, 185, 193]

[1.         0.99524703 0.94771732 0.88742964 0.83896185 0.78855535
 0.76166354 0.71838649 0.70913071 0.69587242 0.66923077 0.67016886
 0.64046279 0.65434647 0.64208881 0.61938712 0.62020013 0.58699187
 0.59111945 0.56660413 0.5587242  0.56522827 0.5756723  0.55465916
 0.54471545]

[0.69825 0.7285  0.71725 0.695   0.67275 0.65025 0.65075 0.627   0.6165
 0.6005  0.585   0.59225 0.57575 0.58675 0.5835  0.56275 0.58275 0.5455
 0.5475  0.533   0.51325 0.52925 0.54575 0.5145  0.53175]