mnist/BoostDT3

[1, 5, 9, 13, 17, 21, 25, 29, 33, 37, 41, 45, 49, 53, 57, 61, 65, 69, 73, 77, 81, 85, 89, 93, 97]

[0.77617261 0.89268293 0.93964978 0.95547217 0.96772983 0.97217011
 0.98042527 0.98492808 0.98455285 0.98711695 0.9888055  0.98999375
 0.99093183 0.99161976 0.99387117 0.99418386 0.99487179 0.99349593
 0.99480926 0.99487179 0.99399625 0.99587242 0.99537211 0.99574734
 0.99555972]

[0.68575 0.69425 0.716   0.74125 0.751   0.7545  0.7595  0.76325 0.76725
 0.77575 0.77675 0.77425 0.786   0.7765  0.7765  0.77375 0.77575 0.7835
 0.7885  0.787   0.7755  0.7885  0.787   0.79125 0.79475]