mnist/BoostDT2

[1, 2, 3, 4, 5, 6, 7, 8, 9, 10, 11, 12, 13, 14, 15, 16, 17, 18, 19, 20, 21, 22, 23, 24, 25, 26, 27, 28, 29, 30, 31, 32, 33, 34, 35, 36, 37, 38, 39, 40, 41, 42, 43, 44, 45, 46, 47, 48, 49]

[[1.         1.         1.         1.         1.         1.
  1.         1.         1.         1.        ]
 [1.         1.         1.         1.         1.         1.
  1.         1.         1.         1.        ]
 [1.         1.         1.         1.         1.         1.
  1.         1.         1.         1.        ]
 [1.         1.         1.         1.         1.         1.
  1.         1.         1.         1.        ]
 [1.         1.         1.         1.         1.         0.99937461
  1.         1.         1.         1.        ]
 [0.99937461 1.         1.         1.         1.         0.99874922
  1.         0.99874922 0.99937461 1.        ]
 [0.99937461 0.99937461 0.99937461 0.99812383 0.99687305 0.99937461
  0.99812383 0.99562226 0.99874922 0.99874922]
 [0.99749844 0.99687305 0.99687305 0.9931207  0.99874922 0.99749844
  0.99499687 0.99874922 0.99937461 0.99562226]
 [0.99437148 0.99749844 0.99687305 0.99061914 0.99374609 0.99374609
  0.99124453 0.99437148 0.99624765 0.99186992]
 [0.98999375 0.9862414  0.9931207  0.98936836 0.99124453 0.99124453
  0.99374609 0.99499687 0.99061914 0.99562226]
 [0.99124453 0.98373984 0.99249531 0.9862414  0.98499062 0.9862414
  0.9862414  0.99249531 0.98999375 0.98936836]
 [0.97811132 0.98499062 0.98311445 0.9793621  0.98499062 0.9793621
  0.97998749 0.98499062 0.98749218 0.9862414 ]
 [0.97811132 0.96747967 0.97811132 0.98248906 0.97498437 0.97373358
  0.97748593 0.97748593 0.96747967 0.96873046]
 [0.9724828  0.96935585 0.96435272 0.97686054 0.96747967 0.96747967
  0.97498437 0.96372733 0.96747967 0.96497811]
 [0.96185116 0.96873046 0.96435272 0.9656035  0.96372733 0.95622264
  0.96497811 0.95309568 0.95747342 0.96247655]
 [0.95747342 0.96247655 0.96247655 0.94121326 0.93746091 0.96122577
  0.95497186 0.95247029 0.95497186 0.94684178]
 [0.95622264 0.95497186 0.96497811 0.93996248 0.9518449  0.95684803
  0.94996873 0.94684178 0.94121326 0.9449656 ]
 [0.94246404 0.94684178 0.94559099 0.91744841 0.92620388 0.94746717
  0.94809256 0.93245779 0.93433396 0.95747342]
 [0.92370231 0.94246404 0.92933083 0.92245153 0.92245153 0.93746091
  0.93370857 0.92370231 0.93370857 0.93996248]
 [0.91869919 0.93933709 0.92245153 0.92370231 0.92057536 0.93308318
  0.91619762 0.93621013 0.90556598 0.92995622]
 [0.91494684 0.9249531  0.92245153 0.91557223 0.9180738  0.93746091
  0.91557223 0.92307692 0.91181989 0.90556598]
 [0.9243277  0.90368981 0.91244528 0.92182614 0.90494059 0.91369606
  0.88930582 0.91682301 0.90243902 0.90368981]
 [0.91056911 0.88617886 0.90118824 0.90243902 0.90181363 0.90556598
  0.90306442 0.91869919 0.88055034 0.9043152 ]
 [0.89681051 0.9043152  0.90056285 0.89806129 0.89493433 0.91056911
  0.90556598 0.89555972 0.89806129 0.89430894]
 [0.89368355 0.90619137 0.87992495 0.87742339 0.88742964 0.88742964
  0.88930582 0.89493433 0.88930582 0.87492183]
 [0.88492808 0.88742964 0.89493433 0.89118199 0.88055034 0.90494059
  0.88680425 0.88180113 0.8836773  0.87367104]
 [0.85490932 0.85240775 0.88805503 0.88805503 0.88617886 0.84990619
  0.88617886 0.86679174 0.87804878 0.87367104]
 [0.87554722 0.87429644 0.87554722 0.87617261 0.85803627 0.87554722
  0.86116323 0.86491557 0.86554096 0.88555347]
 [0.84803002 0.86554096 0.87116948 0.85678549 0.87929956 0.88117573
  0.85240775 0.8561601  0.84365228 0.84365228]
 [0.84177611 0.82051282 0.86116323 0.85365854 0.86554096 0.85365854
  0.86741714 0.8492808  0.84302689 0.85428393]
 [0.84552846 0.85053158 0.86178862 0.84302689 0.85178236 0.83739837
  0.84615385 0.82801751 0.84865541 0.83364603]
 [0.84740463 0.82926829 0.86429018 0.83989994 0.85240775 0.84490306
  0.82989368 0.82551595 0.83614759 0.85178236]
 [0.83114447 0.84427767 0.8424015  0.82676673 0.83176986 0.83427142
  0.82363977 0.83427142 0.85428393 0.82489056]
 [0.83239525 0.82801751 0.84677924 0.82926829 0.83614759 0.83927455
  0.82301438 0.83614759 0.82676673 0.8424015 ]
 [0.79924953 0.81801126 0.83989994 0.81238274 0.81238274 0.82926829
  0.80988118 0.8286429  0.83239525 0.83864916]
 [0.79237023 0.808005   0.82614134 0.83364603 0.82426517 0.82989368
  0.82676673 0.81425891 0.83802376 0.8355222 ]
 [0.81425891 0.84615385 0.82739212 0.8148843  0.808005   0.82051282
  0.81300813 0.80550344 0.82989368 0.83239525]
 [0.82614134 0.80925578 0.81863665 0.81676048 0.81550969 0.83427142
  0.78611632 0.80300188 0.79674797 0.80425266]
 [0.81425891 0.78611632 0.79737336 0.78549093 0.79799875 0.808005
  0.808005   0.80612883 0.81363352 0.80863039]
 [0.79174484 0.79362101 0.78861789 0.7879925  0.78611632 0.80988118
  0.78861789 0.80863039 0.79862414 0.79049406]
 [0.79237023 0.76985616 0.78486554 0.81300813 0.75734834 0.80425266
  0.78361476 0.80237649 0.77360851 0.79674797]
 [0.80988118 0.75484678 0.79237023 0.7604753  0.76360225 0.76547842
  0.76235147 0.7942464  0.7942464  0.808005  ]
 [0.79237023 0.77923702 0.75046904 0.77173233 0.74108818 0.76985616
  0.75484678 0.77798624 0.79737336 0.78361476]
 [0.7673546  0.76422764 0.78549093 0.76860538 0.76860538 0.77798624
  0.75734834 0.76985616 0.77673546 0.79174484]
 [0.77673546 0.7879925  0.76547842 0.77485929 0.75984991 0.74046279
  0.76110069 0.76860538 0.76985616 0.80612883]
 [0.77611007 0.76985616 0.76610381 0.77736085 0.75797373 0.75109443
  0.7804878  0.75422139 0.74921826 0.77485929]
 [0.78424015 0.75422139 0.73358349 0.75672295 0.75484678 0.75422139
  0.75859912 0.73483427 0.74108818 0.77110694]
 [0.77548468 0.75547217 0.75484678 0.74734209 0.73796123 0.75609756
  0.75859912 0.73608505 0.76797999 0.75109443]
 [0.7873671  0.76360225 0.7398374  0.73045654 0.73545966 0.74859287
  0.76547842 0.70168856 0.77298311 0.7398374 ]]

[[0.7325 0.6975 0.7075 0.7125 0.68   0.71   0.6675 0.6575 0.7075 0.655 ]
 [0.7525 0.7475 0.7775 0.7825 0.76   0.7825 0.7475 0.7475 0.775  0.76  ]
 [0.76   0.7175 0.75   0.78   0.7475 0.7125 0.74   0.715  0.785  0.7525]
 [0.7425 0.7425 0.7525 0.78   0.7725 0.715  0.7325 0.7575 0.77   0.74  ]
 [0.765  0.71   0.7475 0.7625 0.7475 0.7525 0.7375 0.7225 0.7725 0.765 ]
 [0.7525 0.7325 0.76   0.7425 0.755  0.76   0.7225 0.77   0.7275 0.73  ]
 [0.77   0.7425 0.715  0.7875 0.7375 0.7375 0.7675 0.745  0.755  0.75  ]
 [0.7625 0.7275 0.7525 0.7175 0.755  0.73   0.755  0.7025 0.7725 0.715 ]
 [0.7475 0.7375 0.7075 0.7375 0.7475 0.715  0.7525 0.7225 0.75   0.7575]
 [0.775  0.735  0.715  0.755  0.755  0.75   0.73   0.72   0.775  0.7375]
 [0.74   0.7    0.73   0.765  0.7125 0.7425 0.7225 0.71   0.73   0.7425]
 [0.735  0.71   0.7325 0.7075 0.725  0.7425 0.725  0.7325 0.7175 0.7475]
 [0.7275 0.725  0.7175 0.725  0.7    0.71   0.695  0.6875 0.725  0.74  ]
 [0.7425 0.7175 0.715  0.7425 0.715  0.7275 0.7075 0.72   0.7125 0.74  ]
 [0.715  0.715  0.7275 0.725  0.6975 0.715  0.7175 0.705  0.725  0.72  ]
 [0.75   0.6875 0.6975 0.725  0.675  0.705  0.7    0.7025 0.71   0.71  ]
 [0.7225 0.7125 0.72   0.705  0.6625 0.73   0.6775 0.6625 0.6625 0.695 ]
 [0.715  0.69   0.6925 0.705  0.6725 0.74   0.6625 0.685  0.72   0.7325]
 [0.73   0.6975 0.7025 0.7025 0.695  0.725  0.6825 0.6975 0.685  0.7125]
 [0.7075 0.6825 0.6925 0.73   0.7075 0.7175 0.73   0.6875 0.6825 0.69  ]
 [0.695  0.65   0.6975 0.7525 0.715  0.7125 0.7    0.6825 0.6825 0.685 ]
 [0.7325 0.67   0.7225 0.72   0.73   0.7025 0.6825 0.69   0.6975 0.725 ]
 [0.705  0.6875 0.7325 0.7225 0.6975 0.7075 0.7075 0.69   0.6975 0.72  ]
 [0.705  0.7    0.695  0.72   0.665  0.7025 0.73   0.6775 0.68   0.735 ]
 [0.6775 0.6775 0.705  0.7125 0.685  0.72   0.6925 0.695  0.7025 0.6725]
 [0.6825 0.67   0.6675 0.705  0.675  0.705  0.6675 0.6775 0.705  0.7075]
 [0.675  0.65   0.685  0.72   0.67   0.7025 0.6425 0.635  0.6925 0.67  ]
 [0.6725 0.675  0.7075 0.71   0.6825 0.7    0.685  0.6725 0.675  0.7025]
 [0.6675 0.6825 0.6575 0.7325 0.68   0.69   0.6575 0.6575 0.6725 0.6775]
 [0.7025 0.65   0.65   0.7175 0.6975 0.6925 0.6825 0.655  0.685  0.7   ]
 [0.6625 0.6575 0.7075 0.7    0.69   0.6875 0.6625 0.62   0.7175 0.6575]
 [0.6975 0.6325 0.6675 0.7175 0.7    0.6675 0.675  0.6575 0.65   0.725 ]
 [0.6325 0.67   0.675  0.67   0.665  0.6725 0.6125 0.6525 0.7025 0.695 ]
 [0.725  0.6425 0.73   0.665  0.655  0.665  0.6525 0.6125 0.6375 0.6575]
 [0.6475 0.675  0.6825 0.6625 0.6875 0.685  0.6325 0.65   0.675  0.6625]
 [0.61   0.6325 0.67   0.6875 0.6725 0.665  0.6125 0.665  0.6975 0.6875]
 [0.69   0.655  0.65   0.7    0.6775 0.635  0.645  0.6175 0.665  0.6425]
 [0.6775 0.6375 0.68   0.67   0.6775 0.685  0.62   0.645  0.6825 0.65  ]
 [0.7225 0.63   0.665  0.645  0.6725 0.7075 0.66   0.65   0.65   0.6825]
 [0.6925 0.6025 0.6625 0.675  0.6375 0.68   0.64   0.635  0.6875 0.69  ]
 [0.6825 0.6575 0.6475 0.6725 0.615  0.665  0.6175 0.6425 0.6525 0.695 ]
 [0.6925 0.6325 0.655  0.6425 0.63   0.6125 0.61   0.67   0.6525 0.7075]
 [0.6875 0.645  0.59   0.6575 0.635  0.6575 0.6225 0.62   0.6725 0.6525]
 [0.6525 0.6275 0.6625 0.6425 0.6675 0.635  0.615  0.6125 0.67   0.625 ]
 [0.6425 0.615  0.6175 0.6275 0.67   0.605  0.625  0.6475 0.6225 0.6525]
 [0.6425 0.6475 0.6825 0.6425 0.6625 0.59   0.6325 0.625  0.63   0.665 ]
 [0.65   0.65   0.5925 0.61   0.6575 0.635  0.6    0.6125 0.6275 0.675 ]
 [0.645  0.6125 0.67   0.665  0.61   0.6175 0.605  0.5925 0.64   0.595 ]
 [0.6925 0.6575 0.66   0.64   0.6025 0.6425 0.6225 0.5725 0.6425 0.5975]]


