mnist/BoostDT4

[0.01    0.05125 0.0925  0.13375 0.175   0.21625 0.2575  0.29875 0.34
 0.38125 0.4225  0.46375 0.505   0.54625 0.5875  0.62875 0.67    0.71125
 0.7525  0.79375 0.835   0.87625 0.9175  0.95875 1.     ]

[0.86454034 0.92082552 0.94165103 0.94490306 0.94452783 0.9369606
 0.9246404  0.92201376 0.91619762 0.91357098 0.90869293 0.90600375
 0.90437774 0.89824891 0.89756098 0.89380863 0.89549719 0.9011257
 0.89155722 0.89718574 0.89637273 0.89330832 0.89330832 0.88949343
 0.89080675]

[0.7425  0.7675  0.77175 0.75125 0.75075 0.73125 0.72925 0.7095  0.7085
 0.71725 0.715   0.7065  0.708   0.6985  0.696   0.691   0.688   0.693
 0.68225 0.6895  0.68325 0.68875 0.68525 0.692   0.6875 ]