mnist/boost_dt_learning_curve_epoch_post

[1, 5, 9, 13, 17, 21, 25, 29, 33, 37, 41, 45, 49, 53, 57, 61, 65, 69, 73, 77, 81, 85, 89, 93, 97]

[0.84752971 0.99543465 0.99993746 1.         1.         1.
 1.         1.         1.         1.         1.         1.
 1.         1.         1.         1.         1.         1.
 1.         1.         1.         1.         1.         1.
 1.        ]

[0.69875 0.7855  0.79775 0.80975 0.81175 0.812   0.80925 0.8095  0.8145
 0.8135  0.81825 0.814   0.8125  0.81675 0.82375 0.8175  0.82225 0.8195
 0.826   0.81775 0.826   0.82325 0.8245  0.81925 0.8185 ]