mnist/DT1

[  15   81  147  213  279  345  411  477  543  609  675  741  807  873
  939 1005 1071 1137 1203 1269 1335 1401 1467 1533 1599]

[0.24       0.35061728 0.44285714 0.61690141 0.69784946 0.72521739
 0.73114355 0.73773585 0.73388582 0.73760263 0.74548148 0.74682861
 0.74349442 0.75372279 0.75740149 0.76278607 0.76265173 0.76649077
 0.77348296 0.76903073 0.77580524 0.77002141 0.77423313 0.77677756
 0.77617261]

[0.1005  0.23675 0.32275 0.48425 0.5845  0.60825 0.6055  0.61775 0.63
 0.64175 0.64075 0.6485  0.6455  0.6615  0.6625  0.67625 0.6775  0.67675
 0.68425 0.68425 0.699   0.69075 0.69475 0.701   0.686  ]