mnist/DT2

[1, 3, 5, 7, 9, 11, 13, 15, 17, 19, 21, 23, 25, 27, 29, 31, 33, 35, 37, 39, 41, 43, 45, 47, 49]

[1.         0.93558474 0.89643527 0.86572858 0.84727955 0.83258286
 0.82270169 0.81094434 0.80068793 0.79299562 0.78724203 0.78186366
 0.77617261 0.77054409 0.76779237 0.76454034 0.76010006 0.7550344
 0.75109443 0.7467167  0.74446529 0.74246404 0.74108818 0.73777361
 0.73564728]

[0.6995  0.695   0.69725 0.6955  0.69725 0.69425 0.6915  0.6955  0.6945
 0.693   0.6945  0.69025 0.6865  0.68525 0.682   0.68175 0.685   0.68475
 0.681   0.686   0.68425 0.68525 0.68475 0.681   0.68175]