mnist/DT3

[1, 3, 5, 7, 9, 11, 13, 15, 17, 19, 21, 23, 25, 27, 29, 31, 33, 35, 37, 39, 41, 43, 45, 47, 49]

[0.20756723 0.52270169 0.72976861 0.7673546  0.7753596  0.77617261
 0.77617261 0.77617261 0.77617261 0.77617261 0.77617261 0.77617261
 0.77617261 0.77617261 0.77617261 0.77617261 0.77617261 0.77617261
 0.77617261 0.77617261 0.77617261 0.77617261 0.77617261 0.77617261
 0.77617261]

[0.19175 0.5065  0.68575 0.6835  0.68625 0.68625 0.68625 0.6865  0.68625
 0.686   0.6855  0.68625 0.68575 0.686   0.68575 0.68575 0.686   0.68575
 0.68625 0.68525 0.68625 0.6865  0.686   0.686   0.68625]