mnist/DT4

[  15   48   80  112  145  177  209  242  274  306  339  371  403  435
  468  500  532  565  597  629  662  694  726  759  791  823  855  888
  920  952  985 1017 1049 1082 1114 1146 1179 1211 1243 1275 1308 1340
 1372 1405 1437 1469 1502 1534 1566 1599]

[1. 1. 1. 1. 1. 1. 1. 1. 1. 1. 1. 1. 1. 1. 1. 1. 1. 1. 1. 1. 1. 1. 1. 1.
 1. 1. 1. 1. 1. 1. 1. 1. 1. 1. 1. 1. 1. 1. 1. 1. 1. 1. 1. 1. 1. 1. 1. 1.
 1. 1.]

[0.257   0.42675 0.49675 0.546   0.57625 0.58375 0.59025 0.597   0.60025
 0.604   0.61    0.621   0.62475 0.6305  0.644   0.64275 0.63825 0.64075
 0.65125 0.66    0.6545  0.6605  0.65775 0.66025 0.661   0.6685  0.6785
 0.68725 0.683   0.66975 0.6765  0.67775 0.67625 0.68025 0.68175 0.682
 0.68175 0.683   0.68575 0.69025 0.69125 0.69125 0.687   0.6885  0.69125
 0.6975  0.696   0.69675 0.696   0.69575]