mnist/DT_learning_curve_size_pre

[  15   81  147  213  279  345  411  477  543  609  675  741  807  873
  939 1005 1071 1137 1203 1269 1335 1401 1467 1533 1599]

[0.24       0.35061728 0.44285714 0.61690141 0.69784946 0.72521739
 0.73114355 0.73773585 0.73388582 0.73760263 0.74548148 0.74682861
 0.74349442 0.75372279 0.75740149 0.76278607 0.76265173 0.76649077
 0.77348296 0.76903073 0.77580524 0.76995004 0.77423313 0.77677756
 0.77617261]

[0.1005  0.23875 0.323   0.48475 0.587   0.60775 0.60525 0.6175  0.62875
 0.642   0.63975 0.64875 0.6455  0.66175 0.66175 0.67625 0.677   0.6775
 0.683   0.68325 0.7     0.69    0.69425 0.70075 0.6865 ]