mnist/DT_vlad_curve_1

[1, 3, 5, 7, 9, 11, 13, 15, 17, 19, 21, 23, 25, 27, 29, 31, 33, 35, 37, 39, 41, 43, 45, 47, 49]

[1.         0.93602251 0.89662289 0.8656035  0.84740463 0.83245779
 0.82270169 0.81094434 0.80068793 0.7931207  0.7873671  0.78186366
 0.77617261 0.77054409 0.76779237 0.76454034 0.76010006 0.7550344
 0.75109443 0.7467167  0.74446529 0.74246404 0.74108818 0.73777361
 0.73564728]

[0.69775 0.7015  0.69475 0.6965  0.6955  0.6975  0.6935  0.6935  0.69325
 0.69225 0.6945  0.69    0.68525 0.685   0.68225 0.68175 0.68475 0.68525
 0.681   0.68525 0.68425 0.68525 0.68475 0.681   0.68175]