mnist/KNN1

[  15   48   80  112  145  177  209  242  274  306  339  371  403  435
  468  500  532  565  597  629  662  694  726  759  791  823  855  888
  920  952  985 1017 1049 1082 1114 1146 1179 1211 1243 1275 1308 1340
 1372 1405 1437 1469 1502 1534 1566 1599]

[[0.6        0.53333333 0.46666667 0.4        0.6        0.6
  0.6        0.53333333 0.33333333 0.46666667]
 [0.66666667 0.58333333 0.85416667 0.60416667 0.75       0.6875
  0.70833333 0.66666667 0.64583333 0.72916667]
 [0.75       0.6125     0.775      0.6375     0.8        0.6375
  0.7125     0.75       0.675      0.7625    ]
 [0.84821429 0.6875     0.71428571 0.67857143 0.83035714 0.71428571
  0.75       0.76785714 0.69642857 0.75      ]
 [0.8137931  0.70344828 0.77241379 0.69655172 0.8137931  0.74482759
  0.7862069  0.76551724 0.67586207 0.71724138]
 [0.81355932 0.72316384 0.7740113  0.71186441 0.79661017 0.74011299
  0.8079096  0.79096045 0.73446328 0.73446328]
 [0.8277512  0.76555024 0.80382775 0.76076555 0.77511962 0.75119617
  0.79904306 0.80861244 0.74162679 0.74162679]
 [0.82644628 0.74380165 0.82231405 0.78099174 0.80165289 0.76859504
  0.83057851 0.80578512 0.75206612 0.75206612]
 [0.81751825 0.79927007 0.80291971 0.75547445 0.7919708  0.76277372
  0.82846715 0.82846715 0.76277372 0.78467153]
 [0.83333333 0.80392157 0.79411765 0.75816993 0.81699346 0.74836601
  0.82026144 0.82352941 0.77124183 0.78431373]
 [0.82300885 0.81415929 0.78761062 0.78171091 0.83185841 0.76106195
  0.8259587  0.80530973 0.77581121 0.76696165]
 [0.81671159 0.82210243 0.78167116 0.78436658 0.83018868 0.77088949
  0.81940701 0.78436658 0.78706199 0.78975741]
 [0.81885856 0.82133995 0.77915633 0.80148883 0.82133995 0.7866005
  0.80645161 0.80397022 0.80148883 0.79652605]
 [0.82068966 0.82988506 0.78390805 0.82988506 0.79770115 0.78390805
  0.79770115 0.80689655 0.7908046  0.7862069 ]
 [0.80982906 0.82692308 0.78205128 0.83119658 0.79487179 0.79487179
  0.79700855 0.80769231 0.7991453  0.79273504]
 [0.806      0.834      0.788      0.826      0.802      0.802
  0.798      0.816      0.802      0.8       ]
 [0.80075188 0.83270677 0.79699248 0.82142857 0.80263158 0.80639098
  0.80075188 0.80639098 0.79511278 0.78759398]
 [0.82123894 0.83362832 0.78761062 0.82123894 0.80707965 0.80176991
  0.81946903 0.80530973 0.79823009 0.78584071]
 [0.81072027 0.82077052 0.79899497 0.81742044 0.81407035 0.80569514
  0.82914573 0.82244556 0.80569514 0.79564489]
 [0.80127186 0.82352941 0.78855326 0.82034976 0.81081081 0.81875994
  0.83465819 0.81717011 0.80922099 0.80445151]
 [0.8141994  0.82326284 0.79758308 0.81873112 0.82326284 0.81722054
  0.82628399 0.82326284 0.82477341 0.8141994 ]
 [0.81556196 0.82708934 0.79971182 0.82708934 0.81700288 0.80835735
  0.82708934 0.81268012 0.82420749 0.81123919]
 [0.81955923 0.82231405 0.80027548 0.8292011  0.82093664 0.80440771
  0.82093664 0.81818182 0.81404959 0.81267218]
 [0.82740448 0.82608696 0.80368906 0.83003953 0.82608696 0.80895916
  0.82476943 0.82081686 0.80895916 0.80895916]
 [0.82932996 0.83312263 0.80657396 0.83059418 0.82680152 0.80783818
  0.83059418 0.82300885 0.81795196 0.81289507]
 [0.82989064 0.83596598 0.81166464 0.83475091 0.82381531 0.81530984
  0.83353584 0.82138518 0.81530984 0.81044957]
 [0.83508772 0.83976608 0.8128655  0.83859649 0.82339181 0.81988304
  0.83508772 0.8245614  0.81637427 0.80467836]
 [0.82657658 0.83896396 0.81756757 0.84684685 0.8231982  0.81869369
  0.82657658 0.8231982  0.81869369 0.81644144]
 [0.83152174 0.84021739 0.81304348 0.84782609 0.81847826 0.81630435
  0.83043478 0.82173913 0.81304348 0.82173913]
 [0.82773109 0.84138655 0.81512605 0.83928571 0.82037815 0.81512605
  0.83403361 0.82352941 0.81197479 0.82457983]
 [0.83045685 0.84467005 0.81827411 0.83553299 0.8213198  0.81928934
  0.83045685 0.82436548 0.81319797 0.82335025]
 [0.83185841 0.84562439 0.81612586 0.84169125 0.82300885 0.82202557
  0.83185841 0.8259587  0.81710914 0.8259587 ]
 [0.83508103 0.84080076 0.81506196 0.84270734 0.81982841 0.82364156
  0.83317445 0.82459485 0.81982841 0.82554814]
 [0.84011091 0.84103512 0.8207024  0.84380776 0.8207024  0.82439926
  0.83179298 0.82994455 0.82347505 0.82994455]
 [0.84111311 0.83662478 0.82495512 0.84560144 0.82046679 0.82585278
  0.83662478 0.83034111 0.82675045 0.82764811]
 [0.84031414 0.83856894 0.82984293 0.84904014 0.82460733 0.82984293
  0.84118674 0.83333333 0.82809773 0.82809773]
 [0.8379983  0.8379983  0.83121289 0.84987277 0.82866836 0.83121289
  0.83969466 0.83884648 0.82951654 0.82951654]
 [0.84062758 0.83649876 0.82741536 0.85053675 0.83319571 0.83071841
  0.84062758 0.83980182 0.83071841 0.82906689]
 [0.83909895 0.83507643 0.82864039 0.84312148 0.83427192 0.83427192
  0.83748994 0.83829445 0.83185841 0.83507643]
 [0.84156863 0.83607843 0.81803922 0.8454902  0.83058824 0.83529412
  0.8345098  0.84       0.83607843 0.83686275]
 [0.84250765 0.83639144 0.81727829 0.85091743 0.82874618 0.83562691
  0.83409786 0.83868502 0.83486239 0.83562691]
 [0.84328358 0.83955224 0.81865672 0.85223881 0.82835821 0.8380597
  0.83208955 0.83955224 0.83208955 0.8358209 ]
 [0.84402332 0.84110787 0.81997085 0.85131195 0.83527697 0.83892128
  0.83017493 0.83527697 0.83746356 0.83309038]
 [0.84341637 0.84412811 0.82135231 0.84911032 0.83345196 0.8405694
  0.83202847 0.83772242 0.8405694  0.83274021]
 [0.84203201 0.84690327 0.82324287 0.84829506 0.83785665 0.84203201
  0.8315936  0.84203201 0.83228949 0.83437717]
 [0.84206943 0.84819605 0.82437032 0.84819605 0.83321988 0.84002723
  0.83253914 0.84343091 0.83253914 0.83185841]
 [0.84287617 0.84953395 0.82623169 0.84687084 0.83488682 0.83954727
  0.83089214 0.84354194 0.82889481 0.83089214]
 [0.8422425  0.8494133  0.82790091 0.84615385 0.83441982 0.84354628
  0.83050847 0.84419817 0.83116037 0.83376793]
 [0.83908046 0.84802043 0.83077905 0.84546616 0.8339719  0.84610473
  0.8339719  0.84227331 0.83141762 0.8339719 ]
 [0.83989994 0.84803002 0.83364603 0.84865541 0.83802376 0.84490306
  0.83614759 0.84177611 0.83427142 0.83739837]]

[[0.325  0.2225 0.2075 0.215  0.325  0.235  0.225  0.29   0.205  0.245 ]
 [0.535  0.3925 0.5225 0.52   0.5325 0.5325 0.485  0.415  0.4925 0.475 ]
 [0.575  0.505  0.5825 0.5575 0.5875 0.62   0.6025 0.5725 0.5575 0.5625]
 [0.615  0.55   0.6425 0.5975 0.635  0.65   0.6325 0.635  0.59   0.63  ]
 [0.665  0.6325 0.67   0.6175 0.66   0.6725 0.6175 0.65   0.6275 0.6525]
 [0.6875 0.65   0.66   0.6725 0.6525 0.6825 0.66   0.6575 0.635  0.6775]
 [0.72   0.6825 0.665  0.7175 0.6575 0.7    0.6575 0.6825 0.6575 0.7125]
 [0.725  0.675  0.6675 0.755  0.635  0.705  0.685  0.6825 0.67   0.7   ]
 [0.73   0.6825 0.675  0.7425 0.6475 0.7025 0.6875 0.6875 0.6775 0.71  ]
 [0.7275 0.69   0.665  0.7325 0.6675 0.73   0.7    0.7    0.6925 0.715 ]
 [0.75   0.7125 0.685  0.74   0.67   0.745  0.7    0.7    0.71   0.7075]
 [0.73   0.73   0.6875 0.7425 0.68   0.745  0.7025 0.7025 0.7025 0.6975]
 [0.74   0.7225 0.685  0.7475 0.6925 0.755  0.705  0.7025 0.7025 0.705 ]
 [0.7375 0.7275 0.7    0.7275 0.6875 0.7625 0.705  0.6975 0.7075 0.71  ]
 [0.735  0.7375 0.705  0.7375 0.6875 0.7525 0.715  0.705  0.7175 0.71  ]
 [0.7375 0.735  0.705  0.7375 0.6975 0.75   0.7225 0.71   0.745  0.715 ]
 [0.745  0.745  0.71   0.7475 0.7    0.7575 0.7325 0.7125 0.755  0.7275]
 [0.7525 0.745  0.72   0.745  0.6975 0.7575 0.74   0.725  0.7525 0.7325]
 [0.7625 0.745  0.73   0.7525 0.7025 0.76   0.74   0.7175 0.7575 0.74  ]
 [0.7575 0.7525 0.725  0.7475 0.695  0.75   0.7425 0.7225 0.7575 0.73  ]
 [0.7675 0.7525 0.7225 0.7525 0.71   0.7625 0.745  0.7175 0.7525 0.7275]
 [0.77   0.7475 0.7225 0.765  0.7125 0.765  0.7375 0.7075 0.7575 0.725 ]
 [0.775  0.7475 0.7225 0.765  0.715  0.765  0.755  0.71   0.7625 0.7275]
 [0.7775 0.7525 0.7325 0.7575 0.7075 0.775  0.76   0.715  0.76   0.725 ]
 [0.7675 0.75   0.7375 0.7675 0.7175 0.7675 0.7625 0.7225 0.76   0.72  ]
 [0.7675 0.745  0.735  0.7725 0.7225 0.7625 0.7575 0.7225 0.76   0.735 ]
 [0.7675 0.7425 0.7425 0.7625 0.7275 0.76   0.765  0.725  0.7525 0.74  ]
 [0.7675 0.745  0.75   0.765  0.7225 0.7575 0.7575 0.725  0.75   0.7375]
 [0.7675 0.7525 0.7625 0.7725 0.725  0.75   0.7625 0.7325 0.75   0.735 ]
 [0.7675 0.7525 0.765  0.775  0.7225 0.7475 0.76   0.7275 0.7525 0.7475]
 [0.7625 0.7525 0.7675 0.785  0.7275 0.7475 0.7625 0.725  0.7575 0.75  ]
 [0.76   0.745  0.7675 0.785  0.7275 0.7525 0.7675 0.7275 0.7625 0.7525]
 [0.76   0.7575 0.7725 0.79   0.7325 0.75   0.77   0.7325 0.76   0.7525]
 [0.76   0.7575 0.765  0.785  0.735  0.755  0.765  0.73   0.7525 0.7625]
 [0.7575 0.7775 0.77   0.7825 0.74   0.755  0.76   0.7325 0.7475 0.7625]
 [0.7475 0.7875 0.7675 0.78   0.7375 0.75   0.765  0.73   0.75   0.7525]
 [0.7475 0.7875 0.765  0.7825 0.74   0.7525 0.7625 0.7275 0.7525 0.76  ]
 [0.7525 0.775  0.7675 0.7925 0.735  0.7525 0.7575 0.7275 0.7575 0.765 ]
 [0.7525 0.77   0.77   0.79   0.7425 0.76   0.7625 0.735  0.7625 0.765 ]
 [0.75   0.7725 0.7675 0.79   0.7425 0.765  0.765  0.74   0.7625 0.7625]
 [0.7575 0.7675 0.7675 0.785  0.745  0.7625 0.765  0.7425 0.7675 0.765 ]
 [0.76   0.77   0.7675 0.7825 0.7525 0.765  0.7625 0.7475 0.77   0.7675]
 [0.765  0.7675 0.7625 0.785  0.7525 0.7625 0.765  0.75   0.7725 0.775 ]
 [0.7725 0.765  0.765  0.79   0.75   0.7625 0.7625 0.75   0.7725 0.7775]
 [0.7725 0.77   0.7675 0.795  0.75   0.76   0.765  0.7575 0.7725 0.78  ]
 [0.7725 0.7675 0.76   0.7925 0.7575 0.7625 0.765  0.7575 0.7675 0.775 ]
 [0.7725 0.77   0.7575 0.7925 0.7625 0.755  0.7625 0.7575 0.765  0.7775]
 [0.775  0.77   0.7575 0.8025 0.77   0.7575 0.7625 0.755  0.7675 0.7775]
 [0.7775 0.77   0.7575 0.8075 0.77   0.755  0.7625 0.75   0.77   0.7775]
 [0.7775 0.77   0.755  0.805  0.775  0.76   0.76   0.755  0.78   0.78  ]]