mnist/KNN2

[1, 3, 5, 7, 9, 11, 13, 15, 17, 19, 21, 23, 25, 27, 29, 31, 33, 35, 37, 39, 41, 43, 45, 47, 49]

[1.         0.86128831 0.84027517 0.8246404  0.8137586  0.8040025
 0.79574734 0.78855535 0.78155097 0.77873671 0.77410882 0.76966854
 0.76804253 0.76504065 0.76022514 0.75678549 0.75415885 0.75290807
 0.74978111 0.74596623 0.7435272  0.74290181 0.74065041 0.74071295
 0.73877423]

[0.767   0.76225 0.77175 0.7705  0.77125 0.76625 0.76275 0.76475 0.7635
 0.7595  0.75775 0.754   0.74825 0.747   0.74725 0.74425 0.7435  0.74
 0.738   0.7405  0.736   0.73525 0.7355  0.73325 0.73075]