mnist/KNN3

['auto', 'ball_tree', 'kd_tree', 'brute']

[[0.83989994 0.84803002 0.83364603 0.84865541 0.83802376 0.84490306
  0.83614759 0.84177611 0.83427142 0.83739837]
 [0.83989994 0.84803002 0.83364603 0.84865541 0.83802376 0.84490306
  0.83614759 0.84177611 0.83427142 0.83739837]
 [0.83989994 0.84803002 0.83364603 0.84865541 0.83802376 0.84490306
  0.83614759 0.84177611 0.83427142 0.83739837]
 [0.83989994 0.84803002 0.83364603 0.84865541 0.83802376 0.84490306
  0.83614759 0.84177611 0.83427142 0.83739837]]

[[0.7775 0.77   0.755  0.805  0.775  0.76   0.76   0.755  0.78   0.78  ]
 [0.7775 0.77   0.755  0.805  0.775  0.76   0.76   0.755  0.78   0.78  ]
 [0.7775 0.77   0.755  0.805  0.775  0.76   0.76   0.755  0.78   0.78  ]
 [0.7775 0.77   0.755  0.805  0.775  0.76   0.76   0.755  0.78   0.78  ]]