mnist/knn_learning_curve_size_post

[  15   81  147  213  279  345  411  477  543  609  675  741  807  873
  939 1005 1071 1137 1203 1269 1335 1401 1467 1533 1599]

[0.51333333 0.71234568 0.75170068 0.77981221 0.79354839 0.79652174
 0.80364964 0.80566038 0.8053407  0.81412151 0.81703704 0.81794872
 0.82180917 0.82520046 0.82492013 0.82766169 0.82941176 0.83368514
 0.83665835 0.83514578 0.83610487 0.83761599 0.83762781 0.8382257
 0.84027517]

[0.2495  0.572   0.65175 0.68575 0.6945  0.7095  0.71425 0.72325 0.73525
 0.73925 0.73975 0.744   0.74775 0.74775 0.752   0.75425 0.757   0.75625
 0.759   0.762   0.7645  0.7665  0.76825 0.7695  0.77175]