mnist/SVM1

[  15   48   80  112  145  177  209  242  274  306  339  371  403  435  468
  500  532  565  597  629  662  694  726  759  791  823  855  888  920  952
  985 1017 1049 1082 1114 1146 1179 1211 1243 1275 1308 1340 1372 1405 1437
 1469 1502 1534 1566 1599]

[[ 1.          0.73333333  0.93333333  0.86666667  0.8         0.86666667
   0.86666667  0.86666667  0.93333333  0.93333333]
 [ 0.8125      0.75        0.95833333  0.875       0.9375      0.875
   0.77083333  0.875       0.91666667  0.85416667]
 [ 0.8875      0.8625      0.9         0.925       0.9125      0.875
   0.8625      0.9375      0.9         0.9       ]
 [ 0.89285714  0.875       0.92857143  0.91964286  0.91071429  0.91071429
   0.88392857  0.95535714  0.90178571  0.90178571]
 [ 0.92413793  0.89655172  0.89655172  0.93793103  0.91034483  0.88965517
   0.91034483  0.95172414  0.91034483  0.91724138]
 [ 0.91525424  0.8700565   0.89830508  0.92090395  0.89830508  0.89265537
   0.92090395  0.92090395  0.9039548   0.92655367]
 [ 0.91866029  0.88516746  0.90430622  0.93301435  0.88038278  0.9138756
   0.90909091  0.92344498  0.89952153  0.93779904]
 [ 0.91735537  0.88842975  0.90909091  0.92561983  0.89669421  0.9214876
   0.91322314  0.9214876   0.90495868  0.90495868]
 [ 0.91605839  0.90510949  0.90875912  0.91970803  0.88686131  0.92335766
   0.89781022  0.92335766  0.90875912  0.90875912]
 [ 0.91830065  0.90522876  0.91176471  0.9248366   0.89869281  0.90849673
   0.89542484  0.92156863  0.90522876  0.91830065]
 [ 0.91740413  0.90855457  0.91740413  0.91150442  0.8879056   0.91150442
   0.90265487  0.91445428  0.90560472  0.90560472]
 [ 0.93530997  0.91374663  0.92183288  0.9083558   0.89218329  0.91913747
   0.90026954  0.89757412  0.90566038  0.9083558 ]
 [ 0.94044665  0.92059553  0.9280397   0.92307692  0.88833747  0.91563275
   0.90818859  0.89826303  0.90818859  0.9057072 ]
 [ 0.93103448  0.92183908  0.92643678  0.91494253  0.88735632  0.90344828
   0.90344828  0.88505747  0.90344828  0.91034483]
 [ 0.92307692  0.92307692  0.92521368  0.91666667  0.89957265  0.91025641
   0.90811966  0.88247863  0.89316239  0.92307692]
 [ 0.924       0.92        0.926       0.92        0.898       0.912       0.902
   0.898       0.9         0.916     ]
 [ 0.92481203  0.91917293  0.92481203  0.91917293  0.90037594  0.91353383
   0.90413534  0.89285714  0.90225564  0.90413534]
 [ 0.92212389  0.91327434  0.91681416  0.92743363  0.89911504  0.91858407
   0.90265487  0.89026549  0.90088496  0.91327434]
 [ 0.9279732   0.91457286  0.92629816  0.92629816  0.90619765  0.92127303
   0.9078727   0.89279732  0.90117253  0.91457286]
 [ 0.92527822  0.91891892  0.91732909  0.92050874  0.90779014  0.92209857
   0.90620032  0.89507154  0.89507154  0.91096979]
 [ 0.91993958  0.918429    0.91691843  0.91691843  0.90634441  0.92296073
   0.91087613  0.89728097  0.89879154  0.91238671]
 [ 0.91498559  0.91930836  0.9092219   0.91786744  0.90057637  0.91354467
   0.91354467  0.89337176  0.90201729  0.8962536 ]
 [ 0.91046832  0.91460055  0.90495868  0.92011019  0.90082645  0.91460055
   0.90495868  0.8953168   0.89669421  0.89807163]
 [ 0.914361    0.91567852  0.90250329  0.92358366  0.90909091  0.91831357
   0.90909091  0.89591568  0.90118577  0.89591568]
 [ 0.91656131  0.91529709  0.90771176  0.92035398  0.9102402   0.91529709
   0.90771176  0.8988622   0.90391909  0.90391909]
 [ 0.91859052  0.91251519  0.90522479  0.92223572  0.91130012  0.91494532
   0.91008505  0.89428919  0.90522479  0.90279465]
 [ 0.9122807   0.90760234  0.90994152  0.92748538  0.9122807   0.91461988
   0.91111111  0.89356725  0.90175439  0.89824561]
 [ 0.90765766  0.90990991  0.91103604  0.9222973   0.91216216  0.90765766
   0.91216216  0.89301802  0.90315315  0.90315315]
 [ 0.91195652  0.90108696  0.9076087   0.92608696  0.9076087   0.90652174
   0.9173913   0.89673913  0.89782609  0.9       ]
 [ 0.91281513  0.90651261  0.90756303  0.91701681  0.91281513  0.90861345
   0.91806723  0.89705882  0.9012605   0.90021008]
 [ 0.90761421  0.90558376  0.90456853  0.91979695  0.90862944  0.90761421
   0.9177665   0.8964467   0.90558376  0.90152284]
 [ 0.906588    0.90462144  0.90560472  0.92428712  0.90855457  0.90363815
   0.91543756  0.90265487  0.90560472  0.906588  ]
 [ 0.91134414  0.90848427  0.90848427  0.92183031  0.90371783  0.90848427
   0.91706387  0.90181125  0.90848427  0.90085796]
 [ 0.91312384  0.90757856  0.90665434  0.92144177  0.90203327  0.90757856
   0.91312384  0.9038817   0.91219963  0.90665434]
 [ 0.91472172  0.90754039  0.90843806  0.92190305  0.90843806  0.90574506
   0.91651706  0.90754039  0.91202873  0.9021544 ]
 [ 0.91012216  0.90924956  0.91186736  0.92670157  0.90750436  0.90314136
   0.91099476  0.90488656  0.91186736  0.90401396]
 [ 0.91094148  0.91178965  0.9100933   0.9245123   0.9100933   0.90754877
   0.90670059  0.90839695  0.91433418  0.90839695]
 [ 0.90999174  0.90751445  0.90751445  0.9223782   0.91164327  0.90916598
   0.9042114   0.90999174  0.9132948   0.91164327]
 [ 0.90989541  0.9074819   0.90989541  0.91794047  0.9082864   0.90909091
   0.90506838  0.90667739  0.91472245  0.91150442]
 [ 0.90980392  0.90745098  0.90823529  0.92078431  0.90352941  0.90980392
   0.90666667  0.91058824  0.9145098   0.91058824]
 [ 0.90978593  0.90366972  0.90672783  0.91819572  0.90137615  0.91131498
   0.9059633   0.90749235  0.91284404  0.90902141]
 [ 0.90895522  0.90597015  0.90820896  0.91716418  0.89776119  0.9119403
   0.90447761  0.90671642  0.91343284  0.90522388]
 [ 0.90816327  0.90670554  0.9074344   0.91690962  0.90233236  0.91472303
   0.90451895  0.90306122  0.91326531  0.90524781]
 [ 0.90747331  0.90462633  0.91032028  0.9202847   0.89893238  0.91245552
   0.90462633  0.90320285  0.90960854  0.90604982]
 [ 0.90744607  0.90466249  0.90953375  0.92205985  0.89909534  0.91162143
   0.90187891  0.90605428  0.90883786  0.90953375]
 [ 0.90810075  0.90197413  0.91014295  0.91695031  0.89788972  0.91150442
   0.90401634  0.91014295  0.90946222  0.90878148]
 [ 0.90945406  0.90279627  0.91078562  0.91611185  0.90146471  0.91011984
   0.90479361  0.90612517  0.90878828  0.90346205]
 [ 0.90743155  0.90547588  0.91003911  0.91460235  0.90482399  0.91003911
   0.90808344  0.90547588  0.90938722  0.90482399]
 [ 0.90740741  0.90485313  0.91123883  0.91570881  0.90421456  0.91187739
   0.90740741  0.90357599  0.90996169  0.90613027]
 [ 0.90494059  0.9043152   0.90931832  0.91369606  0.90619137  0.90994371
   0.90931832  0.90681676  0.90806754  0.90556598]]

[[ 0.41    0.2375  0.22    0.24    0.34    0.1925  0.135   0.2375  0.2475
   0.38  ]
 [ 0.3475  0.3125  0.5425  0.325   0.56    0.45    0.5     0.44    0.5175
   0.4875]
 [ 0.5025  0.58    0.6425  0.5825  0.5825  0.6375  0.59    0.605   0.6475
   0.585 ]
 [ 0.56    0.61    0.6825  0.635   0.6425  0.66    0.6525  0.6525  0.6475
   0.6275]
 [ 0.665   0.64    0.6825  0.6925  0.66    0.7     0.665   0.6775  0.72
   0.6875]
 [ 0.68    0.655   0.7025  0.735   0.68    0.6975  0.695   0.6925  0.72
   0.6975]
 [ 0.7175  0.69    0.7325  0.765   0.6825  0.7025  0.685   0.7075  0.7375
   0.755 ]
 [ 0.74    0.6875  0.7475  0.7525  0.695   0.715   0.7125  0.7275  0.7375
   0.7375]
 [ 0.7475  0.7075  0.75    0.7875  0.705   0.7075  0.7175  0.7425  0.7575
   0.745 ]
 [ 0.75    0.7     0.755   0.7925  0.715   0.7325  0.7125  0.735   0.7625
   0.7575]
 [ 0.7525  0.7275  0.7525  0.79    0.7225  0.745   0.7275  0.7425  0.775
   0.76  ]
 [ 0.7375  0.735   0.7575  0.8025  0.72    0.7475  0.75    0.7625  0.775
   0.7725]
 [ 0.7675  0.7325  0.77    0.805   0.7325  0.7675  0.75    0.745   0.7825
   0.77  ]
 [ 0.7725  0.7425  0.7575  0.7975  0.7275  0.765   0.7575  0.7525  0.7875
   0.775 ]
 [ 0.775   0.745   0.7725  0.7875  0.7375  0.76    0.7625  0.745   0.7975
   0.78  ]
 [ 0.7675  0.7425  0.7675  0.7925  0.7475  0.76    0.75    0.74    0.7975
   0.7825]
 [ 0.7825  0.7525  0.7625  0.8     0.755   0.7625  0.755   0.7425  0.7975
   0.7875]
 [ 0.785   0.7575  0.77    0.8075  0.755   0.7625  0.77    0.74    0.7975
   0.795 ]
 [ 0.8025  0.7725  0.7625  0.815   0.7625  0.77    0.775   0.7475  0.8125
   0.8   ]
 [ 0.795   0.7675  0.775   0.815   0.7625  0.77    0.775   0.75    0.805
   0.7925]
 [ 0.8025  0.77    0.785   0.83    0.7725  0.7725  0.7825  0.7525  0.805
   0.81  ]
 [ 0.8025  0.7675  0.7775  0.8125  0.7725  0.79    0.78    0.7525  0.81
   0.815 ]
 [ 0.8025  0.7725  0.7875  0.8125  0.785   0.79    0.7675  0.7525  0.7975
   0.8175]
 [ 0.8025  0.765   0.7925  0.82    0.775   0.79    0.7725  0.755   0.805
   0.8125]
 [ 0.8025  0.76    0.7975  0.8175  0.78    0.7875  0.7775  0.76    0.8025
   0.8075]
 [ 0.8075  0.7675  0.795   0.825   0.79    0.7875  0.7675  0.755   0.805
   0.805 ]
 [ 0.805   0.7625  0.7925  0.82    0.79    0.7875  0.7675  0.76    0.795
   0.81  ]
 [ 0.81    0.7625  0.8025  0.83    0.795   0.7825  0.7775  0.7675  0.8
   0.81  ]
 [ 0.81    0.7675  0.8075  0.8325  0.7925  0.785   0.77    0.77    0.7925
   0.8025]
 [ 0.8125  0.77    0.8075  0.825   0.7925  0.785   0.765   0.775   0.7925
   0.805 ]
 [ 0.8175  0.775   0.81    0.8325  0.8     0.7825  0.765   0.775   0.7975
   0.81  ]
 [ 0.82    0.7725  0.8     0.8375  0.8025  0.7875  0.7725  0.775   0.8075
   0.8075]
 [ 0.815   0.78    0.8025  0.83    0.8075  0.7975  0.7825  0.78    0.81
   0.8075]
 [ 0.8175  0.785   0.8     0.8325  0.815   0.7925  0.785   0.7775  0.8125
   0.805 ]
 [ 0.8175  0.7975  0.8025  0.8225  0.815   0.7925  0.785   0.7875  0.8125
   0.805 ]
 [ 0.82    0.8     0.7975  0.8275  0.8125  0.7875  0.78    0.7875  0.815
   0.8025]
 [ 0.8125  0.8     0.7975  0.825   0.815   0.795   0.775   0.7925  0.815
   0.8075]
 [ 0.82    0.7875  0.8     0.82    0.8125  0.795   0.7725  0.7925  0.8175
   0.8075]
 [ 0.82    0.79    0.81    0.8175  0.8125  0.8     0.7725  0.7875  0.815
   0.81  ]
 [ 0.815   0.79    0.805   0.82    0.8125  0.7975  0.7725  0.7825  0.8125
   0.8125]
 [ 0.8175  0.795   0.8     0.82    0.8125  0.7975  0.77    0.7825  0.805
   0.8125]
 [ 0.8225  0.7925  0.805   0.82    0.8125  0.795   0.77    0.785   0.8075
   0.81  ]
 [ 0.8225  0.795   0.8075  0.82    0.815   0.8     0.7725  0.7925  0.81
   0.8125]
 [ 0.82    0.795   0.8075  0.815   0.8225  0.8025  0.77    0.7925  0.81
   0.815 ]
 [ 0.8175  0.7925  0.8075  0.8175  0.8075  0.7975  0.7725  0.785   0.81
   0.82  ]
 [ 0.82    0.795   0.81    0.8225  0.8175  0.8     0.77    0.785   0.8075
   0.8175]
 [ 0.815   0.795   0.8075  0.8225  0.815   0.7975  0.7675  0.7825  0.805
   0.82  ]
 [ 0.815   0.795   0.81    0.8225  0.825   0.805   0.775   0.79    0.8025
   0.8175]
 [ 0.8125  0.795   0.8125  0.8175  0.82    0.81    0.785   0.7925  0.8125
   0.8175]
 [ 0.82    0.8     0.815   0.8225  0.8175  0.81    0.785   0.79    0.8125
   0.8175]]