mnist/SVM2

[1.00000000e-02 2.09291667e+00 4.17583333e+00 6.25875000e+00
 8.34166667e+00 1.04245833e+01 1.25075000e+01 1.45904167e+01
 1.66733333e+01 1.87562500e+01 2.08391667e+01 2.29220833e+01
 2.50050000e+01 2.70879167e+01 2.91708333e+01 3.12537500e+01
 3.33366667e+01 3.54195833e+01 3.75025000e+01 3.95854167e+01
 4.16683333e+01 4.37512500e+01 4.58341667e+01 4.79170833e+01
 5.00000000e+01]

[0.12251407 0.9572858  0.98561601 0.99293308 0.99649781 0.99818637
 0.99899937 0.99956223 0.99974984 1.         1.         1.
 1.         1.         1.         1.         1.         1.
 1.         1.         1.         1.         1.         1.
 1.        ]

[0.1     0.8235  0.828   0.82575 0.8255  0.82325 0.82025 0.82    0.82
 0.8195  0.81975 0.82025 0.82025 0.82    0.82    0.81975 0.81975 0.81975
 0.81975 0.81975 0.81975 0.81975 0.81975 0.81975 0.81975]