mnist/SVM2

[1.00000000e-02 2.50958333e+00 5.00916667e+00 7.50875000e+00
 1.00083333e+01 1.25079167e+01 1.50075000e+01 1.75070833e+01
 2.00066667e+01 2.25062500e+01 2.50058333e+01 2.75054167e+01
 3.00050000e+01 3.25045833e+01 3.50041667e+01 3.75037500e+01
 4.00033333e+01 4.25029167e+01 4.50025000e+01 4.75020833e+01
 5.00016667e+01 5.25012500e+01 5.50008333e+01 5.75004167e+01
 6.00000000e+01]

[0.12251407 0.96635397 0.98986867 0.99537211 0.99787367 0.99899937
 0.99956223 1.         1.         1.         1.         1.
 1.         1.         1.         1.         1.         1.
 1.         1.         1.         1.         1.         1.
 1.        ]

[0.1     0.82425 0.828   0.825   0.824   0.82025 0.82    0.82025 0.81975
 0.82025 0.82025 0.82    0.82    0.81975 0.81975 0.81975 0.81975 0.81975
 0.81975 0.81975 0.81975 0.81975 0.81975 0.81975 0.81975]