mnist/SVM3

['linear', 'poly', 'rbf', 'sigmoid']

[[1.         1.         1.         1.         1.         1.
  1.         1.         1.         1.        ]
 [0.83927455 0.83864916 0.83614759 0.84052533 0.83176986 0.84677924
  0.8286429  0.84365228 0.83302064 0.84177611]
 [0.90494059 0.9043152  0.90931832 0.91369606 0.90619137 0.90994371
  0.90931832 0.90681676 0.90806754 0.90556598]
 [0.79924953 0.80300188 0.7942464  0.79049406 0.79487179 0.79987492
  0.79924953 0.80050031 0.79549719 0.78924328]]

[[0.8    0.8125 0.8175 0.8    0.78   0.8    0.805  0.81   0.7975 0.8025]
 [0.71   0.7075 0.72   0.7225 0.7275 0.72   0.7075 0.71   0.6975 0.73  ]
 [0.82   0.8    0.815  0.8225 0.8175 0.81   0.785  0.79   0.8125 0.8175]
 [0.7575 0.7775 0.7625 0.805  0.79   0.7675 0.765  0.765  0.785  0.78  ]]