mnist/SVM_learning_curve_epoch

[0, 4, 8, 12, 16, 20, 24, 28, 32, 36, 40, 44, 48, 52, 56, 60, 64, 68, 72, 76, 80, 84, 88, 92, 96]

[0.09174484 0.52282677 0.63283302 0.68567855 0.7326454  0.75484678
 0.78605378 0.7974359  0.79412133 0.80337711 0.81031895 0.81181989
 0.81938712 0.82188868 0.82945591 0.82939337 0.84102564 0.84846779
 0.85565979 0.86472795 0.86241401 0.85966229 0.85847405 0.85572233
 0.85403377]

[0.09575 0.50075 0.60025 0.634   0.67075 0.682   0.71025 0.715   0.7215
 0.721   0.73225 0.73275 0.73625 0.7345  0.74175 0.744   0.75225 0.7565
 0.76575 0.77375 0.77175 0.77625 0.77925 0.777   0.77925]