mnist/svm_learning_curve_size_post

[  15   81  147  213  279  345  411  477  543  609  675  741  807  873
  939 1005 1071 1137 1203 1269 1335 1401 1467 1533 1599]

[0.36666667 0.62469136 0.7462585  0.79624413 0.80967742 0.81710145
 0.82189781 0.82494759 0.82504604 0.8272578  0.82814815 0.83090418
 0.83370508 0.83241695 0.83354633 0.83741294 0.84033613 0.84327177
 0.84181214 0.84255319 0.84217228 0.84296931 0.84376278 0.84507502
 0.84602877]

[0.13225 0.382   0.5495  0.644   0.6795  0.698   0.71025 0.7305  0.7345
 0.74175 0.748   0.754   0.75775 0.75875 0.7645  0.768   0.76975 0.77325
 0.7755  0.77775 0.77825 0.77925 0.77925 0.78075 0.784  ]