sample size[1, 11, 21, 31, 41, 51, 61, 71, 81, 91]

clock time[0.000704646110534668, 0.0005883216857910156, 0.0006704330444335938, 0.0007802724838256836, 0.0008048057556152344, 0.0008916854858398438, 0.0010172367095947266, 0.0012009143829345703, 0.0011463165283203125, 0.0011988639831542968]

clock time std[0.0007287441794708406, 2.4453472203041237e-05, 2.794363391198696e-05, 4.296710945455004e-05, 2.013676036105218e-05, 2.9888980759076727e-05, 0.00010266799002345181, 8.899115189549899e-05, 4.7478711998950556e-05, 1.3549728704789339e-05]

fitness score[1.0, 13.4, 19.2, 23.3, 16.1, 12.3, 7.3, 15.4, 8.0, 6.8]

fitness score std[0.0, 5.0635955604688645, 9.897474425326898, 15.434053258946596, 17.084788555905515, 16.279127740760558, 0.9, 22.01908263302538, 2.23606797749979, 0.6]

