sample size[1, 11, 21, 31, 41, 51, 61, 71, 81, 91]

clock time[0.21553845405578614, 0.22464027404785156, 0.2411524772644043, 0.26334280967712403, 0.2815131187438965, 0.3012031078338623, 0.32717204093933105, 0.40485410690307616, 0.3834740161895752, 0.405075740814209]

clock time std[0.021141586624449385, 0.0028844084757086853, 0.006426236658994304, 0.00677017329214392, 0.00542748857495272, 0.003939913298122987, 0.008185002067817249, 0.005419052392141031, 0.009863269011629991, 0.0032459827790605016]

fitness score[1.0, 19.0, 35.0, 45.0, 56.6, 69.2, 78.4, 89.6, 96.6, 34.2]

fitness score std[0.0, 0.0, 1.0954451150103321, 1.0954451150103321, 0.4898979485566356, 2.1354156504062622, 1.624807680927192, 1.019803902718557, 1.8547236990991407, 34.417437440925205]

