sample size[1, 11, 21, 31, 41, 51, 61, 71, 81, 91]

clock time[0.0007536888122558593, 0.0007672786712646484, 0.0009891986846923828, 0.001131725311279297, 0.0013017654418945312, 0.0014171123504638672, 0.0016340255737304688, 0.0017609119415283204, 0.0020344734191894533, 0.002338123321533203]

clock time std[3.8888226337639756e-05, 2.333161827490026e-05, 0.00011172275282696135, 5.671664806985814e-05, 4.422288683311825e-05, 6.013375990012601e-05, 3.374397033997547e-05, 2.397945751628688e-05, 0.00012816593381435488, 0.00016064624752396781]

fitness score[1.0, 13.2, 24.2, 25.2, 7.6, 7.4, 8.6, 7.2, 6.4, 9.8]

fitness score std[0.0, 4.915282290977803, 9.987992791347018, 14.89160837518903, 2.4166091947189146, 1.2, 2.1540659228538015, 1.8330302779823358, 1.624807680927192, 2.039607805437114]

