sample size[1, 11, 21, 31, 41, 51, 61, 71, 81, 91]

clock time[0.049796009063720705, 0.7966654300689697, 2.806343984603882, 5.800655126571655, 10.15271282196045, 16.442204475402832, 24.545087766647338, 32.55904173851013, 39.78560857772827, 49.03072772026062]

clock time std[0.0022623063189094275, 0.011907478287729614, 0.040945947691753845, 0.18440501170527673, 0.4111209693913509, 1.0790827823005122, 1.5887817703339004, 0.5603461004224851, 0.7818408058484472, 1.062076177834222]

fitness score[1.0, 18.8, 35.0, 47.2, 59.8, 70.6, 78.2, 91.4, 102.6, 109.0]

fitness score std[0.0, 0.39999999999999997, 1.0954451150103321, 2.7129319932501073, 1.7204650534085253, 2.1540659228538015, 3.655133376499413, 2.1540659228538015, 2.727636339397171, 2.1908902300206643]

