sample size[1, 11, 21, 31, 41, 51, 61, 71, 81, 91]

clock time[0.0008730649948120117, 0.001300811767578125, 0.0013670682907104491, 0.0011615276336669922, 0.0012222766876220704, 0.0011255264282226563, 0.0015010595321655273, 0.0015662908554077148, 0.0018785953521728515, 0.001663064956665039]

clock time std[4.2021428439352345e-05, 0.00032498831182606336, 0.00020305183784096476, 0.0001702122918582862, 0.0001515723198092261, 0.00013572622544801726, 0.00028286469858662173, 0.0003363731841780487, 0.0003218533761050495, 0.0002626957574987055]

fitness score[0.0, 31.8, 58.9, 69.4, 102.0, 130.7, 174.2, 191.5, 203.4, 250.5]

fitness score std[0.0, 12.229472596968359, 6.34744042902334, 36.16130528617572, 37.98947222586805, 46.98733872012758, 23.12920232087566, 22.348378017207423, 31.353468707624682, 24.005207768315607]

