sample size[2, 7, 12, 17, 22, 27, 32, 37, 42, 47, 52, 57, 62, 67, 72, 77, 82, 87, 92, 97]

clock time[nan, 1.243536615371704, 2.683249020576477, 4.407083916664123, nan, 9.017335987091064, 11.647707295417785, 15.116277480125428, 18.596910881996155, 24.24992458820343, nan, 32.532799649238584, 30.716707515716553, 34.92627553939819, 39.929613900184634, 45.618265342712405, 51.484738087654115, 57.93482484817505, nan, 87.06915247440338]

clock time std[nan, 0.06163633137169268, 0.08059594252542426, 0.15525372620414754, nan, 0.22141813950544306, 0.6842780146106144, 0.5334778132173631, 1.2287062305186018, 1.7371869739330719, nan, 3.2477466425024684, 0.3327500557001296, 0.40877630128583164, 0.38558283145643385, 0.3655451757048018, 0.3628561476129632, 0.36297064399806606, nan, 12.42749007314938]

fitness score[nan, 2.6933259031514707, 4.39696699599438, 6.858684009812132, nan, 10.97576838155548, 13.332884366006795, 16.04801419945156, 18.45396197520438, 21.306687858099544, nan, 25.559096049490673, 28.002940326173245, 29.419838983785574, 32.89711478917475, 35.061514593731765, 37.494014849227135, 39.487160826885855, nan, 44.9228143821313]

fitness score std[nan, 0.3479747442498794, 0.585166316562458, 0.37272107751132527, nan, 0.9498485496438909, 0.7896823262603868, 0.8766049920103512, 0.9083130344133203, 1.2905051774670067, nan, 0.8237168250757609, 1.1307371425015726, 1.4956775548206698, 1.315953485359413, 1.087005125886879, 2.059489695997499, 1.9561803629465226, nan, 1.9154197739990704]

