sample size[2, 7, 12, 17, 22, 27, 32, 37, 42, 47, 52, 57, 62, 67, 72, 77, 82, 87, 92, 97]

clock time[0.2355959892272949, 0.4086554527282715, 0.5801559925079346, 0.7627960681915283, 0.9543122768402099, 1.10939679145813, 1.2676826000213623, 1.4434447765350342, 1.5439759731292724, 1.6559192657470703, 1.8087875843048096, 1.9458440780639648, 2.170589971542358, 2.286214017868042, 2.413870668411255, 2.5622715950012207, 2.713331365585327, 2.9306774139404297, 3.031208944320679, 3.1866323947906494]

clock time std[0.0068422851473883125, 0.005567639175967925, 0.020193326692433546, 0.022519597744584903, 0.009214463871607034, 0.00693549260789171, 0.004591399859494168, 0.011039780663496316, 0.03442286214552169, 0.010124464462725922, 0.014150024573452746, 0.014027077301044232, 0.06338171640262642, 0.03855948781831112, 0.02004718828187683, 0.01966652863709589, 0.042577223525261616, 0.05288660101881464, 0.013576338009252434, 0.042875834113305415]

fitness score[0.9534769721904336, 2.1663148567899517, 4.145757851900887, 5.902387307299956, 8.221272498551444, 10.325214553752058, 12.961968728311314, 15.863764259876604, 17.854543447916466, 20.307645074136094, 22.128690471324283, 25.20010488029022, 27.454298086592427, 29.919748467749343, 32.14410532679082, 34.99262744778877, 37.34045449229086, 39.78412837606923, 41.84477697606181, 45.09406931590955]

fitness score std[0.6528707913780787, 0.47371476197860635, 0.4232842223835843, 0.1479154423504998, 1.150739782648871, 1.1811185084288618, 1.0986087567071876, 0.6507333196366742, 0.8824603876084836, 0.9787773857116138, 0.6309043788931168, 0.8515708793738717, 0.8257998798965656, 0.5096214630262096, 1.1017574000812882, 0.9082280927296993, 1.06600842236688, 0.8479920887758617, 0.9431104135468442, 0.9643233783447962]

