sample size[2, 7, 12, 17, 22, 27, 32, 37, 42, 47, 52, 57, 62, 67, 72, 77, 82, 87, 92, 97]

clock time[0.01973140239715576, 0.004036259651184082, 0.004903721809387207, 0.006446695327758789, 0.009819221496582032, 0.009897971153259277, 0.01219470500946045, 0.014757513999938965, 0.014523196220397949, 0.016161203384399414, 0.019470405578613282, 0.02033731937408447, 0.021963834762573242, 0.02372138500213623, 0.024797582626342775, 0.025931739807128908, 0.02829585075378418, 0.030728697776794434, 0.02973170280456543, 0.03414077758789062]

clock time std[0.04112618021369236, 0.0016513710776174203, 0.0005365003135349174, 0.0006608537010676117, 0.0010621251413599193, 0.0012101219136518215, 0.001403436938949395, 0.002464328515150942, 0.0013844376805265972, 0.002474001790893402, 0.002569017298565936, 0.003829257035085926, 0.0034240422178062847, 0.0027968629954455864, 0.002279963593826997, 0.004496123046511499, 0.005428968673140545, 0.004408785977388699, 0.0028649175854360788, 0.004321561753301551]

fitness score[0.9199563784702329, 2.8645491110483334, 5.242715977589576, 7.607948383851834, 9.489225101775688, 12.666245728021762, 14.308200451189384, 17.350940531219674, 20.58073158454156, 21.801926940440826, 25.30270414726157, 26.668342712397656, 29.89133892910896, 32.764051966398384, 36.13686084061699, 38.77098613246325, 40.08374524888571, 42.37399060596361, 46.735559285049234, 49.62069768820903]

fitness score std[0.3635770538168354, 0.657305117763051, 0.5780025437428867, 0.6984068019128955, 1.0403878784963239, 1.1284100602774796, 0.8889449050525092, 1.1619699773751153, 1.7805666441367805, 1.6998699736591079, 1.0415772312605722, 1.9412375796388857, 1.4089736029270543, 1.210816873691563, 1.5628073683162216, 2.8530546878698813, 2.438534831817283, 2.355383177936755, 3.6644465427407416, 3.532143197700688]

