sample size[2, 7, 12, 17, 22, 27, 32, 37, 42, 47, 52, 57, 62, 67, 72, 77, 82, 87, 92, 97]

clock time[0.17185916900634765, 0.0027407169342041015, 0.002708840370178223, 0.00772087574005127, 0.007719635963439941, 0.006344985961914062, 0.01147632598876953, 0.009729862213134766, 0.009740877151489257, 0.012389016151428223, 0.021306848526000975, 0.01385483741760254, 0.014151477813720703, 0.028032565116882326, 0.02305557727813721, 0.026116108894348143, 0.02807776927947998, 0.01529688835144043, 0.04099781513214111, 0.025211668014526366]

clock time std[0.07627764338533088, 0.001622352815761371, 0.0014178030170172683, 0.006113056756263875, 0.005859456432194287, 0.0045386829290338685, 0.007029957896436783, 0.007459260482777947, 0.006175326995053707, 0.00914588730766245, 0.018219154587672457, 0.010184289775924681, 0.011753836481227952, 0.016844909449891348, 0.02320602782257849, 0.01642371535271266, 0.01815387782804702, 0.012312350783130513, 0.03239037324146205, 0.023232171192525353]

fitness score[1.4089356710213283, 3.225848327182997, 5.506372502535642, 7.810223127171163, 11.085655835341715, 13.766361423250496, 16.04076553397433, 19.32220177392805, 21.769623982180683, 23.067358849703975, 26.147461871295416, 28.81106235562931, 31.957052858999827, 34.29297389780692, 35.92576142775464, 39.43830735085125, 42.03647910299753, 44.953134890673184, 46.514935641508615, 51.494562762367515]

fitness score std[0.4213695661051006, 0.4611356111875006, 0.8829673565229261, 1.2415785472688867, 0.6899985488045042, 0.7378556395038983, 1.2838947712864792, 1.2524766523194586, 1.2861227990185178, 1.8142967365386033, 1.849588528540365, 1.5526819554755515, 1.5277463147414734, 2.487729713512133, 2.2380330431093136, 3.4300499601504337, 2.1255384389453122, 2.74875661139696, 2.2887488892321, 3.5227245466731385]

