seizure_5/ANN2

[1, 6, 11, 16, 21, 26, 31, 36, 41, 46, 51, 56, 61, 66, 71, 76, 81, 86, 91, 96, 101, 106, 111, 116]

[0.28807292 0.49130208 0.55940104 0.59567708 0.599375   0.62770833
 0.64210938 0.64216146 0.65966146 0.66130208 0.67614583 0.67856771
 0.68111979 0.68578125 0.69833333 0.70419271 0.70380208 0.71054688
 0.71502604 0.72083333 0.73007813 0.72036458 0.73473958 0.73533854]

[0.28302083 0.4490625  0.51       0.54375    0.5284375  0.54239583
 0.558125   0.54875    0.551875   0.559375   0.5653125  0.56375
 0.56760417 0.565      0.56885417 0.568125   0.5715625  0.575625
 0.57166667 0.56677083 0.5765625  0.57125    0.57458333 0.5746875 ]