seizure_5/ANN3

[0.01    0.05125 0.0925  0.13375 0.175   0.21625 0.2575  0.29875 0.34
 0.38125 0.4225  0.46375 0.505   0.54625 0.5875  0.62875 0.67    0.71125
 0.7525  0.79375 0.835   0.87625 0.9175  0.95875 1.     ]

[0.41244792 0.41783854 0.42083333 0.42192708 0.429375   0.42669271
 0.42630208 0.43635417 0.42809896 0.43015625 0.42476563 0.42658854
 0.42895833 0.42565104 0.42518229 0.42335937 0.42372396 0.42375
 0.42497396 0.42208333 0.42257812 0.42359375 0.42247396 0.42515625
 0.42596354]

[0.38614583 0.39947917 0.39708333 0.396875   0.40760417 0.40989583
 0.40802083 0.41604167 0.40989583 0.4078125  0.40104167 0.40083333
 0.40322917 0.3996875  0.39791667 0.39604167 0.39666667 0.3975
 0.395      0.39510417 0.39552083 0.39291667 0.39541667 0.3921875
 0.3978125 ]