seizure_5/ANN4

[0, 1, 2, 3, 4, 5, 6, 7, 8, 9, 10, 11, 12, 13, 14, 15, 16, 17, 18, 19, 20, 21, 22, 23, 24]

[0.2275    0.2278125 0.2284375 0.229375  0.2303125 0.23125   0.2334375
 0.236875  0.2359375 0.2365625 0.2384375 0.238125  0.2378125 0.2371875
 0.238125  0.2378125 0.238125  0.2365625 0.23625   0.2390625 0.2421875
 0.243125  0.245     0.24625   0.2475   ]

[0.225   0.22625 0.22375 0.2225  0.22    0.2225  0.21875 0.21625 0.215
 0.21625 0.21625 0.2175  0.215   0.2175  0.21875 0.21875 0.22    0.2225
 0.2225  0.225   0.23    0.2325  0.235   0.23375 0.23125]