seizure_5/ANN_LearningCurve_Epoch

[0, 1, 2, 3, 4, 5, 6, 7, 8, 9, 10, 11, 12, 13, 14, 15, 16, 17, 18, 19, 20, 21, 22, 23, 24]

[0.35955729 0.36184896 0.36395833 0.36760417 0.36875    0.36971354
 0.36997396 0.36854167 0.36856771 0.3690625  0.36976562 0.3709375
 0.37294271 0.37583333 0.37734375 0.37674479 0.37783854 0.3775
 0.37700521 0.37770833 0.37804688 0.37822917 0.38052083 0.38138021
 0.38296875]

[0.36041667 0.35833333 0.35760417 0.35895833 0.35885417 0.3590625
 0.35854167 0.35635417 0.3575     0.35604167 0.36010417 0.356875
 0.3596875  0.36197917 0.36395833 0.3628125  0.3628125  0.36197917
 0.3640625  0.36239583 0.36333333 0.36375    0.36614583 0.36677083
 0.36479167]