seizure_5/ann_learning_curve_epoch_post

[0, 1, 2, 3, 4, 5, 6, 7, 8, 9, 10, 11, 12, 13, 14, 15, 16, 17, 18, 19, 20, 21, 22, 23, 24]

[0.58171875 0.58825521 0.59479167 0.59924479 0.60289063 0.60427083
 0.60890625 0.60729167 0.60830729 0.6084375  0.60966146 0.6096875
 0.61059896 0.611875   0.61166667 0.61302083 0.61294271 0.61289063
 0.61351563 0.61375    0.61497396 0.61375    0.61419271 0.61515625
 0.61481771]

[0.56395833 0.56739583 0.5725     0.56927083 0.57291667 0.57322917
 0.5740625  0.57364583 0.5746875  0.5734375  0.57354167 0.5746875
 0.57364583 0.57239583 0.57270833 0.5721875  0.57333333 0.56958333
 0.57052083 0.57208333 0.57135417 0.57125    0.56989583 0.57197917
 0.5696875 ]