seizure_5/ann_vld_curve_2

[1.00000000e-05 4.16676250e-01 8.33342500e-01 1.25000875e+00
 1.66667500e+00 2.08334125e+00 2.50000750e+00 2.91667375e+00
 3.33334000e+00 3.75000625e+00 4.16667250e+00 4.58333875e+00
 5.00000500e+00 5.41667125e+00 5.83333750e+00 6.25000375e+00
 6.66667000e+00 7.08333625e+00 7.50000250e+00 7.91666875e+00
 8.33333500e+00 8.75000125e+00 9.16666750e+00 9.58333375e+00
 1.00000000e+01]

[0.4284375  0.42570312 0.42544271 0.42328125 0.42455729 0.4140625
 0.41541667 0.40455729 0.39143229 0.37645833 0.37619792 0.36734375
 0.37171875 0.3640625  0.36682292 0.36255208 0.36007813 0.3590625
 0.35635417 0.35434896 0.35643229 0.36257812 0.36364583 0.36028646
 0.35578125]

[0.39239583 0.39979167 0.39947917 0.3934375  0.39770833 0.394375
 0.38322917 0.3765625  0.36114583 0.3528125  0.35208333 0.34833333
 0.34572917 0.34333333 0.34625    0.34541667 0.34333333 0.3446875
 0.3415625  0.34322917 0.34375    0.346875   0.35020833 0.348125
 0.34395833]