seizure_5/ann_vld_curve_1

[1, 6, 11, 16, 21, 26, 31, 36, 41, 46, 51, 56, 61, 66, 71, 76, 81, 86, 91, 96, 101, 106, 111, 116]

[0.28817708 0.51690104 0.57510417 0.61554687 0.63015625 0.65945312
 0.67388021 0.67895833 0.70322917 0.70789062 0.72341146 0.72976562
 0.74085938 0.74390625 0.75914063 0.76851562 0.77013021 0.77890625
 0.78703125 0.79541667 0.80473958 0.7915625  0.81390625 0.82067708]

[0.28364583 0.48135417 0.51541667 0.54864583 0.53875    0.55625
 0.55645833 0.55802083 0.56229167 0.56666667 0.57229167 0.57072917
 0.57020833 0.56927083 0.5703125  0.57177083 0.5709375  0.57
 0.57604167 0.56729167 0.57822917 0.56958333 0.57666667 0.57833333]