seizure_5/ann_learning_curve_size_pre

[  38  196  355  513  672  830  988 1147 1305 1464 1622 1780 1939 2097
 2256 2414 2572 2731 2889 3048 3206 3364 3523 3681 3840]

[0.74210526 0.45459184 0.47971831 0.49025341 0.48080357 0.44554217
 0.46204453 0.44315606 0.43724138 0.43586066 0.43840937 0.44269663
 0.44832388 0.43543157 0.43887411 0.43686827 0.41679627 0.40944709
 0.41706473 0.41361549 0.42342483 0.41474435 0.41424922 0.42059223
 0.42875   ]

[0.23645833 0.26916667 0.331875   0.38125    0.37927083 0.36322917
 0.39479167 0.36916667 0.36854167 0.3790625  0.37541667 0.39739583
 0.40020833 0.39552083 0.40708333 0.39166667 0.3778125  0.3703125
 0.37770833 0.3815625  0.39135417 0.37802083 0.38489583 0.39177083
 0.39958333]