seizure_5/boost_dt_vld_curve_1

[1, 3, 5, 7, 9, 11, 13, 15, 17, 19, 21, 23, 25, 27, 29, 31, 33, 35, 37, 39, 41, 43, 45, 47, 49]

[1.         0.99997396 0.9990625  0.98723958 0.95059896 0.89223958
 0.82307292 0.76367188 0.71635417 0.68164062 0.65445312 0.63335938
 0.61252604 0.59914063 0.58492188 0.57960937 0.56528646 0.55895833
 0.5465625  0.54489583 0.54195312 0.54320313 0.53210937 0.53015625
 0.535     ]

[0.42583333 0.445      0.441875   0.4434375  0.43229167 0.43291667
 0.42822917 0.42395833 0.41458333 0.41354167 0.40875    0.41322917
 0.41416667 0.40979167 0.4021875  0.40885417 0.40770833 0.40864583
 0.406875   0.41125    0.41041667 0.4071875  0.413125   0.40166667
 0.41364583]