seizure_5/BoostDT2

[1, 3, 5, 7, 9, 11, 13, 15, 17, 19, 21, 23, 25, 27, 29, 31, 33, 35, 37, 39, 41, 43, 45, 47, 49]

[1.         1.         0.9990625  0.9871875  0.95127604 0.88757812
 0.81901042 0.75742188 0.71861979 0.68065104 0.65557292 0.62945313
 0.61361979 0.60208333 0.58661458 0.58210937 0.56234375 0.55484375
 0.55174479 0.54067708 0.53789062 0.54294271 0.53075521 0.52981771
 0.53455729]

[0.42270833 0.4384375  0.44239583 0.44364583 0.44177083 0.4334375
 0.42385417 0.4215625  0.41739583 0.41333333 0.41302083 0.415
 0.414375   0.40052083 0.4075     0.415      0.40552083 0.40729167
 0.408125   0.41489583 0.40791667 0.40677083 0.40375    0.3984375
 0.40864583]