seizure_5/BoostDT3

[1, 5, 9, 13, 17, 21, 25, 29, 33, 37, 41, 45, 49, 53, 57, 61, 65, 69, 73, 77, 81, 85, 89, 93, 97]

[0.60169271 0.61544271 0.68929687 0.7421875  0.77622396 0.79817708
 0.82015625 0.83231771 0.845      0.85877604 0.86497396 0.86747396
 0.87533854 0.88213542 0.88252604 0.88945312 0.89411458 0.89377604
 0.89924479 0.90096354 0.90190104 0.908125   0.90789063 0.90973958
 0.91028646]

[0.43614583 0.42010417 0.42770833 0.4403125  0.45739583 0.45729167
 0.470625   0.47604167 0.46864583 0.48395833 0.49135417 0.49447917
 0.48614583 0.49708333 0.50104167 0.50489583 0.500625   0.50145833
 0.50697917 0.511875   0.51041667 0.51010417 0.51760417 0.51447917
 0.508125  ]