seizure_5/BoostDT4

[0.01    0.05125 0.0925  0.13375 0.175   0.21625 0.2575  0.29875 0.34
 0.38125 0.4225  0.46375 0.505   0.54625 0.5875  0.62875 0.67    0.71125
 0.7525  0.79375 0.835   0.87625 0.9175  0.95875 1.     ]

[0.76770833 0.80455729 0.80325521 0.78247396 0.76791667 0.75255208
 0.73361979 0.71838542 0.7075     0.69273438 0.68088542 0.67908854
 0.66950521 0.66638021 0.65664062 0.64705729 0.65205729 0.64341146
 0.64020833 0.63286458 0.62723958 0.61981771 0.62158854 0.618125
 0.60778646]

[0.49947917 0.50760417 0.50083333 0.48322917 0.47197917 0.46510417
 0.45822917 0.45510417 0.43625    0.44239583 0.43729167 0.4421875
 0.43229167 0.43552083 0.4275     0.42072917 0.41364583 0.419375
 0.42125    0.4184375  0.4184375  0.40697917 0.4040625  0.41083333
 0.40114583]