seizure_5/boost_dt_learning_curve_size_post

[  38  196  355  513  672  830  988 1147 1305 1464 1622 1780 1939 2097
 2256 2414 2572 2731 2889 3048 3206 3364 3523 3681 3840]

[0.29210526 0.23469388 0.53887324 0.58226121 0.61294643 0.63156627
 0.61690283 0.60261552 0.60114943 0.59009563 0.59260173 0.60297753
 0.58741619 0.59427754 0.59215426 0.59275062 0.59284603 0.59538631
 0.59456559 0.59074803 0.5959451  0.59363853 0.59253477 0.5930997
 0.59625   ]

[0.19854167 0.20135417 0.3109375  0.35177083 0.38479167 0.3975
 0.399375   0.39895833 0.41447917 0.40802083 0.42125    0.43052083
 0.431875   0.43895833 0.4428125  0.44166667 0.430625   0.43802083
 0.44333333 0.43989583 0.43958333 0.45885417 0.455      0.45385417
 0.45385417]