seizure_5/boost_dt_learning_curve_epoch_pre

[1, 5, 9, 13, 17, 21, 25, 29, 33, 37, 41, 45, 49, 53, 57, 61, 65, 69, 73, 77, 81, 85, 89, 93, 97]

[0.59893229 0.60960938 0.68856771 0.74033854 0.7709375  0.79580729
 0.81533854 0.82830729 0.84122396 0.85166667 0.85908854 0.86757812
 0.87205729 0.87804688 0.88341146 0.88416667 0.89007812 0.89315104
 0.89911458 0.89877604 0.90164063 0.90510417 0.90705729 0.91145833
 0.91268229]

[0.44041667 0.41520833 0.4325     0.44833333 0.44989583 0.45927083
 0.46604167 0.4771875  0.47520833 0.48760417 0.48677083 0.49802083
 0.49458333 0.49604167 0.50916667 0.50052083 0.50322917 0.5065625
 0.50385417 0.5146875  0.511875   0.51291667 0.51416667 0.51697917
 0.51375   ]