seizure_5/DT1

[  38  196  355  513  672  830  988 1147 1305 1464 1622 1780 1939 2097
 2256 2414 2572 2731 2889 3048 3206 3364 3523 3681 3840]

[0.29210526 0.49693878 0.52647887 0.54015595 0.55208333 0.56240964
 0.57105263 0.57576286 0.57954023 0.58428962 0.5852651  0.5811236
 0.5885508  0.58993801 0.59233156 0.5925435  0.59424572 0.59813255
 0.59640014 0.59593176 0.59578915 0.60264566 0.59920522 0.60241782
 0.60169271]

[0.19885417 0.3084375  0.33927083 0.3596875  0.37614583 0.38625
 0.39458333 0.39895833 0.40041667 0.41104167 0.41635417 0.41791667
 0.415625   0.4190625  0.41541667 0.4334375  0.43833333 0.43104167
 0.4321875  0.42927083 0.43104167 0.44458333 0.440625   0.43229167
 0.43729167]