seizure_5/DT2

[1, 3, 5, 7, 9, 11, 13, 15, 17, 19, 21, 23, 25, 27, 29, 31, 33, 35, 37, 39, 41, 43, 45, 47, 49]

[1.         0.88888021 0.82252604 0.7725     0.73414062 0.70505208
 0.67994792 0.66265625 0.645625   0.63101563 0.62213542 0.61020833
 0.60143229 0.59635417 0.59013021 0.58320313 0.57575521 0.5696875
 0.56572917 0.56283854 0.56028646 0.55429688 0.55007813 0.54544271
 0.54166667]

[0.421875   0.42760417 0.43916667 0.435625   0.43       0.4359375
 0.4478125  0.444375   0.4403125  0.4346875  0.43510417 0.44083333
 0.4359375  0.43677083 0.43458333 0.43625    0.44135417 0.43677083
 0.43635417 0.43416667 0.43572917 0.43270833 0.43416667 0.43166667
 0.43135417]