seizure_5/DT3

[1, 2, 3, 4, 5, 6, 7, 8, 9, 10, 11, 12, 13, 14, 15, 16, 17, 18, 19, 20, 21, 22, 23, 24, 25, 26, 27, 28, 29, 30, 31, 32, 33, 34, 35, 36, 37, 38, 39, 40, 41, 42, 43, 44, 45, 46, 47, 48, 49]

[0.27125    0.32175    0.343      0.3540625  0.365      0.38378125
 0.404625   0.42221875 0.43859375 0.45046875 0.46503125 0.477
 0.488      0.49696875 0.5059375  0.51309375 0.52115625 0.52796875
 0.53428125 0.5405     0.548      0.55609375 0.56428125 0.57378125
 0.57859375 0.58303125 0.58634375 0.589375   0.59225    0.5948125
 0.5960625  0.596375   0.59690625 0.597375   0.59771875 0.59771875
 0.59771875 0.59771875 0.59778125 0.5976875  0.59771875 0.5976875
 0.59765625 0.59771875 0.59778125 0.59771875 0.59775    0.59775
 0.59765625]

[0.267    0.306875 0.318625 0.325125 0.332125 0.352875 0.36575  0.377875
 0.387125 0.397875 0.40425  0.412375 0.414375 0.421375 0.422375 0.421875
 0.423875 0.42675  0.4225   0.42475  0.426    0.428375 0.429875 0.434125
 0.435625 0.437875 0.437875 0.437375 0.438625 0.43775  0.438    0.437875
 0.438375 0.438625 0.438625 0.438625 0.438375 0.438625 0.438375 0.43875
 0.43875  0.438875 0.438875 0.43825  0.438125 0.4385   0.438625 0.438375
 0.439   ]