seizure_5/DT_learning_curve_size_post

[  38  196  355  513  672  830  988 1147 1305 1464 1622 1780 1939 2097
 2256 2414 2572 2731 2889 3048 3206 3364 3523 3681 3840]

[0.29210526 0.44846939 0.4884507  0.51968811 0.5203869  0.52783133
 0.53653846 0.53975588 0.54475096 0.54644809 0.55807645 0.55449438
 0.55714286 0.5650453  0.56183511 0.56677713 0.56671851 0.56554376
 0.56912426 0.56975066 0.57220836 0.57363258 0.57385751 0.57555012
 0.57575521]

[0.19885417 0.279375   0.33375    0.35739583 0.36010417 0.38041667
 0.38572917 0.38833333 0.401875   0.39614583 0.41010417 0.4121875
 0.41864583 0.41520833 0.41833333 0.42333333 0.43270833 0.42697917
 0.42739583 0.42822917 0.43552083 0.43697917 0.43614583 0.42833333
 0.441875  ]