seizure_5/DT_learning_curve_size_pre

[  38  196  355  513  672  830  988 1147 1305 1464 1622 1780 1939 2097
 2256 2414 2572 2731 2889 3048 3206 3364 3523 3681 3840]

[0.29210526 0.49387755 0.52366197 0.53898635 0.55297619 0.55879518
 0.56720648 0.57323452 0.57777778 0.58189891 0.58249075 0.57848315
 0.58499226 0.58869814 0.58882979 0.5915493  0.59230171 0.59512999
 0.59477328 0.59468504 0.59407361 0.59958383 0.59894976 0.59953817
 0.59893229]

[0.19885417 0.30770833 0.34416667 0.35854167 0.37364583 0.37625
 0.39479167 0.40197917 0.39625    0.4115625  0.41291667 0.41177083
 0.420625   0.42354167 0.41770833 0.43552083 0.4371875  0.435625
 0.43427083 0.4303125  0.4375     0.44135417 0.436875   0.43572917
 0.44052083]