seizure_5/DT_vlad_curve_2

[1, 3, 5, 7, 9, 11, 13, 15, 17, 19, 21, 23, 25, 27, 29, 31, 33, 35, 37, 39, 41, 43, 45, 47, 49]

[0.265625   0.33411458 0.35989583 0.39244792 0.42596354 0.45510417
 0.47796875 0.49619792 0.51106771 0.52773437 0.54552083 0.56591146
 0.58138021 0.59296875 0.59807292 0.60057292 0.60135417 0.60161458
 0.60161458 0.60153646 0.60153646 0.60169271 0.60135417 0.60169271
 0.60161458]

[0.25645833 0.32072917 0.33833333 0.3571875  0.384375   0.39489583
 0.40447917 0.40697917 0.415625   0.4203125  0.42604167 0.42979167
 0.43208333 0.43677083 0.43322917 0.435625   0.4365625  0.4359375
 0.4359375  0.43614583 0.43635417 0.4359375  0.43552083 0.43604167
 0.4365625 ]