seizure_5/DT_vlad_curve_1

[1, 3, 5, 7, 9, 11, 13, 15, 17, 19, 21, 23, 25, 27, 29, 31, 33, 35, 37, 39, 41, 43, 45, 47, 49]

[1.         0.88898438 0.82242187 0.77252604 0.73427083 0.70479167
 0.68013021 0.66231771 0.645625   0.63080729 0.62190104 0.61018229
 0.60161458 0.59630208 0.59013021 0.58320313 0.57575521 0.5696875
 0.56572917 0.56283854 0.56028646 0.55432292 0.55007813 0.54541667
 0.54153646]

[0.42166667 0.42885417 0.43645833 0.43552083 0.43083333 0.43697917
 0.44572917 0.444375   0.4396875  0.43614583 0.43458333 0.44145833
 0.43552083 0.436875   0.43458333 0.4359375  0.44135417 0.43677083
 0.43635417 0.43416667 0.43572917 0.43270833 0.43416667 0.43166667
 0.43083333]