seizure_5/KNN1

[  38  196  355  513  672  830  988 1147 1305 1464 1622 1780 1939 2097
 2256 2414 2572 2731 2889 3048 3206 3364 3523 3681 3840]

[0.46578947 0.53214286 0.54450704 0.55341131 0.56056548 0.57192771
 0.57712551 0.58029643 0.58413793 0.58613388 0.58840937 0.58988764
 0.59241877 0.59308536 0.59432624 0.59863297 0.59852255 0.59996338
 0.60079612 0.60049213 0.60227698 0.60297265 0.60479705 0.60532464
 0.60661458]

[0.251875   0.33989583 0.37       0.38947917 0.39677083 0.4128125
 0.42239583 0.42416667 0.43197917 0.43447917 0.434375   0.44270833
 0.44416667 0.44614583 0.44760417 0.44802083 0.45020833 0.45302083
 0.45635417 0.4575     0.45864583 0.4609375  0.46104167 0.46125
 0.460625  ]