seizure_5/KNN2

[1, 3, 5, 7, 9, 11, 13, 15, 17, 19, 21, 23, 25, 27, 29, 31, 33, 35, 37, 39, 41, 43, 45, 47, 49]

[1.         0.67276042 0.60661458 0.57559896 0.55432292 0.54002604
 0.53013021 0.51877604 0.51291667 0.50505208 0.49934896 0.49122396
 0.48536458 0.480625   0.47536458 0.4709375  0.46591146 0.46085937
 0.45828125 0.45260417 0.44940104 0.44513021 0.44190104 0.43882812
 0.43609375]

[0.47291667 0.46072917 0.460625   0.45854167 0.45697917 0.45604167
 0.4565625  0.44822917 0.44770833 0.44260417 0.44375    0.4415625
 0.43739583 0.43614583 0.43729167 0.43416667 0.43020833 0.42510417
 0.42322917 0.42104167 0.420625   0.41802083 0.41541667 0.4125
 0.40854167]