seizure_5/knn_learning_curve_size_pre

[  38  196  355  513  672  830  988 1147 1305 1464 1622 1780 1939 2097
 2256 2414 2572 2731 2889 3048 3206 3364 3523 3681 3840]

[0.46578947 0.53112245 0.54450704 0.55321637 0.56071429 0.57180723
 0.57702429 0.58038361 0.58429119 0.58613388 0.58847102 0.58994382
 0.59241877 0.59308536 0.59432624 0.5986744  0.59852255 0.6
 0.60083074 0.60055774 0.60233936 0.6030321  0.6048822  0.60540614
 0.60666667]

[0.251875   0.33979167 0.37       0.38947917 0.39677083 0.41291667
 0.42239583 0.42427083 0.43208333 0.4346875  0.43458333 0.4428125
 0.44416667 0.44604167 0.4475     0.4478125  0.45       0.4528125
 0.45625    0.45739583 0.45864583 0.46104167 0.46114583 0.46125
 0.460625  ]