seizure_5/SVM2

[1.00000000e-02 2.50958333e+00 5.00916667e+00 7.50875000e+00
 1.00083333e+01 1.25079167e+01 1.50075000e+01 1.75070833e+01
 2.00066667e+01 2.25062500e+01 2.50058333e+01 2.75054167e+01
 3.00050000e+01 3.25045833e+01 3.50041667e+01 3.75037500e+01
 4.00033333e+01 4.25029167e+01 4.50025000e+01 4.75020833e+01
 5.00016667e+01 5.25012500e+01 5.50008333e+01 5.75004167e+01
 6.00000000e+01]

[0.32466146 0.4634375  0.48289063 0.49559896 0.50617187 0.51492187
 0.52195313 0.52854167 0.53242187 0.53716146 0.54101562 0.54481771
 0.54755208 0.55135417 0.55419271 0.55695313 0.55924479 0.56138021
 0.5634375  0.56502604 0.56716146 0.56903646 0.57067708 0.57229167
 0.57377604]

[0.32020833 0.436875   0.45135417 0.4634375  0.47020833 0.4740625
 0.4790625  0.48302083 0.48479167 0.48708333 0.49010417 0.49260417
 0.4975     0.49895833 0.50083333 0.50197917 0.50322917 0.505
 0.50729167 0.50833333 0.5090625  0.5096875  0.51052083 0.5103125
 0.51104167]