seizure_5/SVM_learning_curve_epoch

[0, 4, 8, 12, 16, 20, 24, 28, 32, 36, 40, 44, 48, 52, 56, 60, 64, 68, 72, 76, 80, 84, 88, 92, 96]

[0.19273438 0.31520833 0.30799479 0.30575521 0.30427083 0.30354167
 0.30414062 0.30257812 0.30208333 0.30192708 0.30143229 0.30132813
 0.30085938 0.30072917 0.30070312 0.29973958 0.29929688 0.30268229
 0.30502604 0.31140625 0.31789063 0.31648438 0.31591146 0.31648438
 0.32539063]

[0.1915625  0.30864583 0.3034375  0.3009375  0.30041667 0.3
 0.2990625  0.29854167 0.29729167 0.2978125  0.29729167 0.298125
 0.29729167 0.29645833 0.29583333 0.29614583 0.295625   0.298125
 0.3003125  0.30708333 0.31375    0.31395833 0.31260417 0.31239583
 0.32166667]