seizure_5/svm_learning_curve_size_pre

[  38  196  355  513  672  830  988 1147 1305 1464 1622 1780 1939 2097
 2256 2414 2572 2731 2889 3048 3206 3364 3523 3681 3840]

[0.45526316 0.39081633 0.40084507 0.38927875 0.39910714 0.40626506
 0.40708502 0.40775937 0.40383142 0.40642077 0.41023428 0.40994382
 0.41454358 0.41845494 0.42420213 0.42618061 0.43009331 0.43035518
 0.430045   0.43244751 0.4319713  0.43483948 0.43423219 0.43607715
 0.43804688]

[0.2934375  0.33       0.34677083 0.35010417 0.35947917 0.36197917
 0.365      0.359375   0.3621875  0.37010417 0.37114583 0.37625
 0.3790625  0.38427083 0.38802083 0.386875   0.388125   0.39083333
 0.39       0.39166667 0.39729167 0.40125    0.4009375  0.40802083
 0.40708333]