sample size[1, 11, 21, 31, 41, 51, 61, 71, 81, 91]

clock time[0.00046672821044921873, 0.00035762786865234375, 0.00037980079650878906, 0.0003773212432861328, 0.0003991127014160156, 0.0004718303680419922, 0.0003788471221923828, 0.00036406517028808594, 0.0003660678863525391, 0.00047359466552734377]

clock time std[0.0002031969586447222, 2.7998503903345105e-05, 6.220925096409688e-05, 4.498336280959913e-05, 3.553636719491331e-05, 0.00014491488402992666, 4.5434099388526135e-05, 3.212339783758195e-05, 2.801295541548962e-05, 8.299344916753965e-05]

fitness score[1.0, 3.6, 2.2, 3.8, 3.6, 4.0, 2.6, 2.6, 4.2, 3.0]

fitness score std[0.0, 1.9595917942265426, 1.7204650534085253, 4.166533331199932, 3.8781438859330635, 2.0976176963403033, 1.854723699099141, 2.0591260281974, 5.455272678794343, 2.0]

