sample size[1, 11, 21, 31, 41, 51, 61, 71, 81, 91]

clock time[0.00027003288269042967, 0.00024962425231933594, 0.00022859573364257811, 0.00022158622741699218, 0.0002166271209716797, 0.00021681785583496093, 0.00035495758056640624, 0.00021638870239257813, 0.00022783279418945313, 0.00021867752075195314]

clock time std[7.296583945696022e-05, 5.529173076093315e-05, 2.0659984474559826e-05, 2.3638141053279235e-05, 1.6680851568802164e-05, 2.069802851295553e-05, 0.0001516376950806608, 1.2491495447290226e-05, 2.3438183425585167e-05, 1.6323856933915506e-05]

fitness score[1.0, 1.6, 3.2, 2.8, 2.0, 1.0, 1.6, 2.2, 3.0, 3.2]

fitness score std[0.0, 0.8, 2.4, 1.8330302779823362, 1.0954451150103321, 1.0954451150103321, 0.8, 1.7204650534085255, 2.0, 2.9933259094191533]

