sample size[1, 11, 21, 31, 41, 51, 61, 71, 81, 91]

clock time[0.6829328060150146, 0.8470112800598144, 1.003311777114868, 1.1501092433929443, 1.2588315963745118, 1.2417871475219726, 1.2934531688690185, 1.4662846565246581, 1.5680287837982179, 1.6572697639465332]

clock time std[0.015880234306487846, 0.024968493114603717, 0.08111829726815509, 0.11140789758722673, 0.08583023415612143, 0.10152836118515667, 0.04487468419123721, 0.07646329078966846, 0.0373930200525648, 0.09156413240354204]

fitness score[1.0, 19.0, 30.0, 38.4, 34.6, 22.2, 25.4, 12.8, 14.6, 12.8]

fitness score std[0.0, 0.0, 1.5491933384829668, 1.019803902718557, 17.281203661782357, 18.432579851990333, 23.354656923192, 1.1661903789690602, 1.624807680927192, 1.7204650534085253]

