sample size[1, 11, 21, 31, 41, 51, 61, 71, 81, 91]

clock time[0.04098610877990723, 0.7794431209564209, 3.109277439117432, 6.348199987411499, 11.224051237106323, 17.743551206588744, 21.41122884750366, 30.24071102142334, 37.04277119636536, 46.8704288482666]

clock time std[0.006907012613830132, 0.033755960290880946, 0.11291332894198985, 0.3043825391313437, 0.7947204498580674, 0.7470659720650209, 0.09925578363303392, 1.0471624136536242, 0.3479764191713695, 0.316313073794661]

fitness score[1.0, 18.4, 22.2, 13.4, 15.8, 7.2, 7.4, 7.8, 8.2, 8.2]

fitness score std[0.0, 0.7999999999999999, 9.826494797230598, 12.387090053761618, 15.714961024450552, 1.5999999999999999, 1.3564659966250536, 1.7204650534085253, 1.7204650534085253, 2.4819347291981715]

