sample size[1, 11, 21, 31, 41, 51, 61, 71, 81, 91]

clock time[0.13514819145202636, 0.13888540267944335, 0.14423685073852538, 0.149056339263916, 0.15373010635375978, 0.15850915908813476, 0.16445107460021974, 0.1692286968231201, 0.17515215873718262, 0.17852678298950195]

clock time std[0.005035620228978884, 0.00457227535151973, 0.004784155165957481, 0.0045734494713164835, 0.004716754188089763, 0.0031208775062768713, 0.003993700061146979, 0.003739642412913612, 0.006816371391334149, 0.003659814077409954]

fitness score[1.0, 19.0, 34.6, 46.0, 55.0, 64.4, 71.8, 54.6, 30.6, 13.6]

fitness score std[0.0, 0.0, 2.0591260281974, 3.03315017762062, 1.0954451150103321, 2.727636339397171, 2.7129319932501073, 32.36417772785213, 32.23414338864925, 0.7999999999999999]

