sample size[1, 11, 21, 31, 41, 51, 61, 71, 81, 91]

clock time[0.0004627704620361328, 0.0004048347473144531, 0.0003905773162841797, 0.0005307674407958984, 0.00044884681701660154, 0.0004008769989013672, 0.00040798187255859376, 0.00043859481811523435, 0.0005343914031982422, 0.00041141510009765623]

clock time std[0.00011524000926912468, 2.974332692242963e-05, 9.784345267242895e-06, 0.00010385863593353202, 5.342759809939008e-05, 2.3429450904269552e-05, 2.5998515725654677e-05, 2.4728776863354056e-05, 0.00012453482217179417, 2.0090411984322467e-05]

fitness score[1.0, 7.8, 2.6, 2.2, 2.0, 2.4, 1.6, 3.0, 1.2, 1.6]

fitness score std[0.0, 6.046486583132389, 1.624807680927192, 1.32664991614216, 1.7888543819998317, 1.7435595774162693, 0.4898979485566356, 2.6076809620810595, 0.7483314773547883, 1.019803902718557]

