sample size[1, 11, 21, 31, 41, 51, 61, 71, 81, 91]

<<<<<<< HEAD
clock time[0.00035223960876464846, 0.0003516674041748047, 0.00027141571044921877, 0.00026416778564453125, 0.00024819374084472656, 0.0002602577209472656, 0.0002468109130859375, 0.00024862289428710936, 0.000299835205078125, 0.00027737617492675783]

clock time std[8.017795266463181e-05, 8.727448784385915e-05, 5.4017168980319905e-05, 3.242212171202172e-05, 1.1587241058562152e-05, 2.1689854239080855e-05, 1.7422771067305356e-05, 1.0487599427843775e-05, 7.519188283245275e-05, 4.518912061078633e-05]

fitness score[1.0, 5.8, 1.4, 3.4, 3.2, 2.4, 1.4, 2.0, 1.6, 2.8]

fitness score std[0.0, 5.1146847410177685, 1.019803902718557, 2.0591260281974, 1.16619037896906, 1.624807680927192, 1.019803902718557, 1.2649110640673518, 1.019803902718557, 1.16619037896906]
=======
clock time[0.0004944801330566406, 0.000464630126953125, 0.00046443939208984375, 0.0004523754119873047, 0.00045094490051269533, 0.0004313945770263672, 0.00044040679931640626, 0.00046668052673339846, 0.0004496574401855469, 0.0004460334777832031]

clock time std[8.490928829239794e-05, 2.048924381029854e-05, 1.4389899451565026e-05, 2.5931612949763482e-05, 1.0688600327601662e-05, 1.0355822891472933e-05, 1.0883383779202003e-05, 1.232474168559348e-05, 9.66227877557831e-06, 1.2760540111292947e-05]

fitness score[1.0, 2.8, 3.2, 3.2, 5.0, 1.6, 1.0, 3.6, 2.0, 1.8]

fitness score std[0.0, 1.16619037896906, 1.6, 2.5612496949731396, 4.147288270665544, 1.3564659966250538, 0.6324555320336759, 2.5768197453450252, 2.280350850198276, 1.8330302779823362]
>>>>>>> 9c5bc19308913e6cdc40b41de5fd7720afd04b2d

