sample size[1, 11, 21, 31, 41, 51, 61, 71, 81, 91]

clock time[0.03163223266601563, 0.5612267971038818, 2.005051612854004, 4.343691158294678, 7.548131370544434, 11.78363766670227, 16.48340549468994, 21.400173330307005, 28.583163261413574, 38.403306293487546]

clock time std[0.002178363176409916, 0.008465676298598774, 0.0828751295279026, 0.15364476325757578, 0.14234114306686058, 0.16330981145701706, 0.2315212178794866, 0.7324756554706983, 0.899089665169969, 0.6610679620771696]

fitness score[1.0, 18.8, 35.0, 47.2, 59.8, 70.6, 78.2, 91.4, 102.6, 109.0]

fitness score std[0.0, 0.39999999999999997, 1.0954451150103321, 2.7129319932501073, 1.7204650534085253, 2.1540659228538015, 3.655133376499413, 2.1540659228538015, 2.727636339397171, 2.1908902300206643]

