sample size[1, 11, 21, 31, 41, 51, 61, 71, 81, 91]

clock time[0.6591178894042968, 0.8175765991210937, 0.9229498863220215, 1.0415823459625244, 1.18184175491333, 1.3381123065948486, 1.5024514198303223, 1.687531328201294, 1.8610794067382812, 1.893006181716919]

clock time std[0.015095332226377529, 0.04398415473269993, 0.0057611341638910355, 0.011087532494433845, 0.012622722083667421, 0.03503590936438938, 0.007098413998358454, 0.06112151804091508, 0.03357189341456289, 0.056625542523322386]

fitness score[1.0, 19.0, 34.2, 46.6, 55.0, 65.4, 74.2, 84.8, 94.2, 70.6]

fitness score std[0.0, 0.0, 1.4696938456699067, 2.0591260281974, 1.4142135623730951, 1.7435595774162693, 0.4, 1.16619037896906, 1.5999999999999999, 41.76409941564645]

