sample size[1, 11, 21, 31, 41, 51, 61, 71, 81, 91]

clock time[0.1355506420135498, 0.15499982833862305, 0.21029653549194335, 0.18567676544189454, 0.19601984024047853, 0.207977294921875, 0.22298436164855956, 0.23816075325012206, 0.2555246829986572, 0.2678178310394287]

clock time std[0.006180112178996426, 0.0031019823392516776, 0.05094142471017539, 0.013534854644120017, 0.0025151801565283056, 0.0017539190458339094, 0.0020932250850751676, 0.001628309366102455, 0.0019281664436527175, 0.009093923250744798]

fitness score[1.0, 19.0, 35.0, 45.0, 56.6, 69.2, 78.4, 89.6, 96.6, 34.2]

fitness score std[0.0, 0.0, 1.0954451150103321, 1.0954451150103321, 0.4898979485566356, 2.1354156504062622, 1.624807680927192, 1.019803902718557, 1.8547236990991407, 34.417437440925205]

