sample size[1, 11, 21, 31, 41, 51, 61, 71, 81, 91]

clock time[0.0002705574035644531, 0.00032782554626464844, 0.00044689178466796877, 0.0004643917083740234, 0.0005357742309570312, 0.0005403041839599609, 0.0006360054016113281, 0.0007322311401367187, 0.0006978034973144532, 0.0008301258087158204]

clock time std[7.081752637656694e-05, 1.622788313053651e-05, 6.805480328107894e-05, 3.868422081258261e-05, 5.597272098213757e-05, 1.9475981626645097e-05, 6.749302783043902e-05, 9.055317168341744e-05, 2.1038950281141826e-05, 4.8311488006185394e-05]

fitness score[1.0, 13.0, 25.0, 12.6, 17.0, 5.6, 9.8, 21.6, 6.2, 7.4]

fitness score std[0.0, 5.0990195135927845, 10.75174404457249, 13.215142829345432, 18.033302526159762, 1.019803902718557, 3.815756805667783, 29.71598896217321, 1.32664991614216, 1.8547236990991407]

