sample size[1, 11, 21, 31, 41, 51, 61, 71, 81, 91]

clock time[0.0004754066467285156, 0.00046091079711914064, 0.0006182193756103516, 0.0007879257202148438, 0.000803995132446289, 0.0009891986846923828, 0.0010895729064941406, 0.0012182235717773438, 0.0013305187225341798, 0.0014517784118652343]

clock time std[0.00010986860000795669, 1.2453029414536127e-05, 8.905053616680745e-05, 0.00019365550518476128, 1.4972534907840429e-05, 0.00012897691510760796, 8.118241893596724e-05, 0.00014879845441420462, 0.00014286128796358924, 6.667479469591874e-05]

fitness score[1.0, 14.6, 21.2, 31.8, 5.2, 20.0, 8.4, 7.4, 6.0, 8.0]

fitness score std[0.0, 2.0591260281974, 12.544321424453376, 12.544321424453377, 0.7483314773547882, 22.538855339169288, 1.9595917942265424, 1.8547236990991407, 1.2649110640673518, 2.0]

