sample size[1, 11, 21, 31, 41, 51, 61, 71, 81, 91]

clock time[0.0008005142211914062, 0.0008593559265136719, 0.0012809276580810548, 0.0014065742492675782, 0.0019347190856933594, 0.0020446300506591795, 0.0024252891540527343, 0.003096771240234375, 0.003360128402709961, 0.0035950183868408204]

clock time std[8.536764917786005e-05, 5.601336907495028e-05, 0.00018854364336900236, 0.00011248068051587151, 0.0004787958068262793, 0.00036345185078971113, 0.0002620838871494349, 0.00020330853524444653, 0.0007803948252117541, 0.0008180410243960212]

fitness score[1.0, 16.8, 18.8, 13.6, 24.6, 18.4, 6.6, 8.2, 9.8, 8.6]

fitness score std[0.0, 1.1661903789690602, 11.05260150371848, 12.240914998479484, 23.22584767021432, 19.825236442474022, 1.3564659966250536, 2.315167380558045, 1.7204650534085253, 2.33238075793812]

