sample size[1, 11, 21, 31, 41, 51, 61, 71, 81, 91]

clock time[0.0010814189910888672, 0.0015866279602050782, 0.001688385009765625, 0.0021429538726806642, 0.00244755744934082, 0.0027894496917724608, 0.0032022953033447265, 0.0033918380737304687, 0.0036058425903320312, 0.004073381423950195]

clock time std[9.347959236957183e-05, 0.000250901834981467, 7.206926336985074e-05, 0.00016829213452311016, 0.00010475097653988396, 0.00029327742947143795, 0.00045174336854938936, 9.301876954538412e-05, 0.00019109816521961965, 0.00026770463637887756]

fitness score[1.0, 15.4, 27.0, 36.8, 34.8, 13.8, 10.6, 11.2, 10.0, 11.0]

fitness score std[0.0, 3.6110940170535577, 6.29285308902091, 9.579144011862438, 21.216974336601343, 2.7856776554368237, 1.8547236990991407, 1.9390719429665317, 2.5298221281347035, 2.898275349237888]

