sample size[1, 11, 21, 31, 41, 51, 61, 71, 81, 91]

clock time[0.03718633651733398, 0.8594263553619385, 2.716788101196289, 5.493794345855713, 9.495811033248902, 15.002905130386353, 22.524886083602905, 29.371599435806274, 39.49556035995484, 48.29003481864929]

clock time std[0.004326988948529697, 0.08667522251630776, 0.05620274797148074, 0.09179410127073719, 0.11608380124833673, 0.5776085031691242, 1.9572756004679575, 1.1128273846406591, 1.0415357907251046, 2.238490207298399]

fitness score[1.0, 18.0, 31.6, 42.2, 51.8, 62.6, 73.8, 70.2, 47.6, 53.4]

fitness score std[0.0, 0.6324555320336759, 2.727636339397171, 1.16619037896906, 2.1354156504062622, 1.3564659966250536, 1.9390719429665317, 26.187019685332654, 37.924134795668046, 43.898063738620635]

