sample size[1, 31, 61, 91, 121, 151, 181, 211, 241, 271]

clock time[0.0027838230133056642, 0.0021846771240234377, 0.0028524398803710938, 0.003910064697265625, 0.004288196563720703, 0.005299568176269531, 0.0061781883239746095, 0.0072783946990966795, 0.007407999038696289, 0.008026361465454102]

clock time std[0.0025944855142209645, 2.9512098514546846e-05, 4.844674913892889e-05, 0.0006869620514108739, 0.00017234771005738116, 0.0005163877177242215, 0.0008902619008641222, 0.001322684035593609, 0.00033139896391587285, 0.00030498636596136563]

fitness score[0.0, 25.0, 43.0, 59.0, 77.0, 87.4, 105.6, 123.6, 140.4, 152.4]

fitness score std[0.0, 1.2649110640673518, 2.0, 2.0, 3.3466401061363023, 10.34601372510205, 8.333066662399863, 8.187795796183488, 4.758150901348127, 6.6211781428987395]

