sample size[1, 11, 21, 31, 41, 51, 61, 71, 81, 91]

clock time[0.005252361297607422, 0.004502010345458984, 0.005891561508178711, 0.006811285018920898, 0.0092315673828125, 0.01432662010192871, 0.01836051940917969, 0.016190195083618165, 0.01155848503112793, 0.010746622085571289]

clock time std[0.000625025498364364, 0.0013971985013865407, 0.0007602738664044353, 0.00014007821774216208, 0.0013451560343963208, 0.0051700983095790565, 0.00414481965231618, 0.00494511364122535, 0.0009373164185400876, 0.0003049142133800502]

fitness score[0.0, 8.4, 17.2, 24.0, 31.2, 38.0, 43.2, 51.8, 59.4, 61.6]

fitness score std[0.0, 1.3564659966250536, 1.1661903789690602, 1.6733200530681511, 1.7204650534085253, 1.6733200530681511, 3.4292856398964493, 1.9390719429665317, 2.33238075793812, 1.3564659966250538]

