sample size[1, 11, 21, 31, 41, 51, 61, 71, 81, 91]

clock time[0.03567218780517578, 0.8534467697143555, 3.4141451358795165, 7.610946273803711, 13.851927709579467, 23.173239040374757, 41.85012559890747, 48.47436842918396, 67.26977248191834, 80.87254600524902]

clock time std[0.003468470282098034, 0.028431678738525572, 0.35902086710540776, 0.3109568266356014, 1.6328354391021431, 0.8446695785934711, 4.115246212649631, 3.415671533516938, 10.529228043193097, 5.103831792510106]

fitness score[0.0, 9.8, 19.6, 28.4, 36.4, 45.4, 52.6, 60.6, 69.6, 75.8]

fitness score std[0.0, 0.39999999999999997, 0.7999999999999999, 0.4898979485566356, 1.624807680927192, 1.624807680927192, 1.019803902718557, 1.019803902718557, 1.7435595774162693, 1.16619037896906]

