sample size[1, 11, 21, 31, 41, 51, 61, 71, 81, 91]

clock time[0.34782938957214354, 0.4269838809967041, 0.4705411434173584, 0.49938383102416994, 0.6311058044433594, 0.5160123825073242, 0.6618970394134521, 0.6637618064880371, 0.6176552772521973, 0.7063645839691162]

clock time std[0.0684347445398698, 0.08582767338773728, 0.093901559957983, 0.25300595244608387, 0.17782013555738285, 0.17595358127640923, 0.16789279641062366, 0.18342552731553394, 0.29454828380974374, 0.20229462577444943]

fitness score[0.0, 10.0, 17.6, 24.8, 31.4, 38.2, 44.6, 50.2, 55.8, 63.2]

fitness score std[0.0, 0.0, 0.4898979485566356, 1.16619037896906, 1.0198039027185568, 1.5999999999999999, 1.4966629547095764, 0.7483314773547882, 2.7129319932501073, 1.3266499161421599]

