sample size[1, 31, 61, 91, 121, 151, 181, 211, 241, 271]

clock time[0.8615332126617432, 1.2125017166137695, 1.5575159072875977, 1.8312479496002196, 2.151175355911255, 2.5056754112243653, 2.814090538024902, 3.164850664138794, 3.4489659786224367, 3.8330788612365723]

clock time std[0.0152504890721983, 0.020910896525612902, 0.05962833926191426, 0.03779246902475235, 0.019291388150545728, 0.015326496750555512, 0.01209210234854784, 0.05583210375768505, 0.009784980136180687, 0.06988124595434644]

fitness score[0.0, 113.2, 200.6, 312.6, 388.6, 485.6, 575.4, 654.6, 764.4, 828.4]

fitness score std[0.0, 17.151093259614676, 13.632314550361578, 12.142487389328432, 17.71552991022284, 13.979985693841035, 31.39808911382984, 25.78061287091523, 22.561914812355802, 31.58227350904301]

