sample size[1, 11, 21, 31, 41, 51, 61, 71, 81, 91]

clock time[0.0008900642395019531, 0.0009021282196044922, 0.0009784221649169922, 0.0010376930236816405, 0.001100301742553711, 0.0014198780059814452, 0.0013541698455810547, 0.0010910511016845703, 0.001126718521118164, 0.001253223419189453]

clock time std[0.000260986371866665, 4.158102043462737e-05, 0.000125213969459352, 0.00010810820671014465, 7.885753522523758e-05, 9.279973922287142e-05, 0.00014224791723381635, 0.00012139448076365088, 0.00013198447703619194, 8.520595694740436e-05]

fitness score[0.0, 28.0, 60.6, 90.0, 125.6, 139.2, 162.8, 160.6, 180.2, 252.8]

fitness score std[0.0, 11.366617790706258, 9.951884243699784, 19.483326204732087, 9.09065454189081, 16.067358214715945, 25.810075552001006, 80.62158519900238, 90.79955947029698, 8.704022058795578]

