sample size[1, 11, 21, 31, 41, 51, 61, 71, 81, 91]

clock time[0.015531110763549804, 0.0006434440612792969, 0.0006442546844482421, 0.0006800174713134765, 0.0006604194641113281, 0.0007075786590576172, 0.0008600234985351562, 0.0008214473724365235, 0.0008448123931884766, 0.0008448123931884766]

clock time std[0.02958547036008515, 0.00010903644608061233, 6.114521385707655e-05, 0.0001038261203157148, 2.639197827660513e-05, 2.2285391557029578e-05, 8.468893730013205e-05, 8.507109002536149e-05, 0.00010071232002591716, 4.75852904168614e-05]

fitness score[0.0, 29.4, 61.0, 96.6, 110.0, 144.8, 158.8, 190.6, 172.6, 245.4]

fitness score std[0.0, 10.480458005259122, 13.696714934611146, 15.83161394173064, 17.944358444926362, 9.368030742904295, 19.415457759218555, 11.655041827466773, 87.57077137949625, 13.001538370516005]

