sample size[1, 11, 21, 31, 41, 51, 61, 71, 81, 91]

clock time[0.0396172046661377, 0.5135952472686768, 1.764956521987915, 3.9111695289611816, 7.135914134979248, 11.353799629211426, 14.694403505325317, 19.422992372512816, 25.08209147453308, 31.37802834510803]

clock time std[0.005484666047193761, 0.004156927712809637, 0.01757167189688689, 0.08951500469147765, 0.341319007214193, 0.147632647662117, 0.4500335301105162, 0.17614632729894514, 0.05472027288131663, 0.6611890330284454]

fitness score[0.0, 37.8, 82.2, 120.8, 164.4, 201.2, 211.8, 252.8, 294.8, 335.4]

fitness score std[0.0, 9.907572861200668, 7.782030583337488, 16.581917862539303, 10.63202708800161, 18.137254478007414, 16.581917862539303, 5.491812087098392, 12.432216214336043, 12.531560158256433]

