sample size[2, 7, 12, 17, 22, 27, 32, 37, 42, 47, 52, 57, 62, 67, 72, 77, 82, 87, 92, 97]

clock time[0.010338306427001953, 0.009377241134643555, 0.011667633056640625, 0.016630172729492188, 0.020045948028564454, 0.025165653228759764, 0.028705692291259764, 0.044183540344238284, 0.05206418037414551, 0.06072421073913574, 0.08945937156677246, 0.10092425346374512, 0.11806855201721192, 0.13486952781677247, 0.1295314311981201, 0.19272570610046386, 0.20385503768920898, 0.26448426246643064, 0.2954840660095215, 0.32697601318359376]

clock time std[0.0030067946588441044, 0.004405250776150679, 0.003555631000336568, 0.003936117467064448, 0.007169781452438537, 0.006509093400731003, 0.00924345455379978, 0.0025799324675256307, 0.017388666958505904, 0.015333188376710289, 0.013727105015080093, 0.017267364305785786, 0.01897347431856713, 0.024485787971408636, 0.04265499769083429, 0.03843212991705056, 0.045396198184698124, 0.03723559884350104, 0.026011946153641517, 0.054658962947166705]

fitness score[0.0, 1.4, 6.4, 16.6, 28.0, 48.4, 73.0, 102.4, 130.0, 167.4, 203.6, 249.8, 304.6, 356.2, 418.0, 478.4, 549.6, 622.0, 704.2, 791.4]

fitness score std[0.0, 0.4898979485566356, 1.2, 1.9595917942265424, 2.5298221281347035, 5.083306010855534, 5.796550698475776, 3.0066592756745814, 9.402127418834526, 7.964923100695951, 13.60294085850556, 10.552724766618335, 12.658593918757328, 13.760813929415658, 22.441033844277317, 16.560193235587562, 10.403845442911962, 16.037456157383563, 19.943921379708655, 15.21315220458929]

