sample size[2, 7, 12, 17, 22, 27, 32, 37, 42, 47, 52, 57, 62, 67, 72, 77, 82, 87, 92, 97]

clock time[0.04785542488098145, 0.2905289173126221, 0.8057096004486084, 1.677598810195923, 2.695893383026123, 4.0547675609588625, 5.729392337799072, 7.7186425685882565, 9.88675651550293, 12.673893213272095, 15.134622287750243, 18.328492975234987, 21.89550280570984, 25.76503677368164, 29.92258152961731, 33.95952377319336, 38.71834874153137, 43.071031379699704, 48.34268641471863, 53.74521827697754]

clock time std[0.014521237072948716, 0.007361187372078983, 0.01155668293142486, 0.060555413406716115, 0.018514330753190967, 0.027693094542506406, 0.05942968112184233, 0.1282448796322378, 0.06027714584222193, 0.15532211125706472, 0.07559048790048699, 0.18627670386580858, 0.4003239830887549, 0.3959089631092083, 0.34426053936763745, 0.06335603731905098, 0.4317862889471359, 0.12808810902815676, 0.3811041029159963, 0.24305519256934466]

fitness score[0.0, 1.6, 6.4, 17.0, 31.8, 55.2, 80.4, 111.0, 144.2, 183.6, 231.4, 278.6, 331.4, 392.0, 459.4, 518.6, 603.0, 675.4, 768.0, 850.4]

fitness score std[0.0, 0.8, 1.2, 2.0976176963403033, 4.1182520563948, 5.979966555090421, 3.9799497484264794, 3.22490309931942, 7.730459236035076, 12.97073629367277, 7.059745037889115, 7.7356318423254855, 12.092973166264779, 10.353743284435827, 3.9293765408777004, 12.009995836801941, 15.21840990379744, 12.737346662472525, 21.91802910847597, 3.6660605559646724]

