sample size[2, 7, 12, 17, 22, 27, 32, 37, 42, 47, 52, 57, 62, 67, 72, 77, 82, 87, 92, 97]

clock time[0.0012708187103271484, 0.0007571697235107422, 0.0010136127471923827, 0.0013747692108154296, 0.0019139766693115235, 0.002567768096923828, 0.0036463260650634764, 0.0049345970153808595, 0.006573867797851562, 0.007429265975952148, 0.009494352340698241, 0.013542652130126953, 0.01399245262145996, 0.024230194091796876, 0.020084476470947264, 0.024410533905029296, 0.022220754623413087, 0.025262117385864258, 0.028962326049804688, 0.03164153099060059]

clock time std[0.0012614193025244488, 3.9819014878764995e-05, 6.186722785715602e-05, 7.239455997458315e-05, 0.0001421951591819476, 0.0001852475230999873, 0.00021736220043008713, 0.0005118752480015099, 0.0009571691896496582, 0.0003362367307144665, 0.0011273662524814358, 0.001426245870262027, 0.0016111624200826902, 0.008574002039296489, 0.0012826810591706392, 0.004345046361629832, 0.0020212824237189103, 0.001104744824224016, 0.0008517105545042006, 0.0032927571085422194]

fitness score[0.0, 1.6, 7.0, 19.4, 34.0, 59.2, 88.0, 119.6, 152.6, 193.4, 237.2, 289.8, 345.0, 405.2, 474.0, 542.6, 612.4, 694.0, 794.6, 883.6]

fitness score std[0.0, 1.019803902718557, 0.6324555320336759, 0.4898979485566356, 4.69041575982343, 5.15363949069005, 7.402702209328699, 2.6532998322843198, 9.00222194794152, 11.740528097151337, 6.368673331236263, 8.255906976220118, 10.825894882179487, 11.720068259186888, 13.784048752090222, 8.404760555780276, 15.551205741035004, 15.594870951694341, 18.927229062913565, 21.832086478392302]

