sample size[2, 7, 12, 17, 22, 27, 32, 37, 42, 47, 52, 57, 62, 67, 72, 77, 82, 87, 92, 97]

clock time[0.6290832996368408, 0.6984955310821533, 0.7959917068481446, 0.9194529056549072, 1.1059171676635742, 1.2777139663696289, 1.566860055923462, 1.6976396083831786, 1.9357670307159425, 2.2533668518066405, 2.6283381938934327, 3.171056699752808, 3.498763656616211, 3.789528656005859, 4.4623595714569095, 4.733998012542725, 5.009799814224243, 5.445260953903198, 6.031934642791748, 6.5721845626831055]

clock time std[0.006938712357742506, 0.004317977512766525, 0.0037319133566324357, 0.005115703400212741, 0.045868604146615796, 0.023842957056649298, 0.06704421995488835, 0.0365122671664517, 0.05013526200400035, 0.03619588326617479, 0.07585907779956919, 0.10579942670343213, 0.15436877799985005, 0.20392496422506912, 0.13389930931587643, 0.15830314486728597, 0.05142310842021757, 0.07181921176414337, 0.11886851704057151, 0.12908954215735507]

fitness score[0.0, 1.2, 6.0, 16.8, 30.0, 53.2, 76.0, 108.8, 142.2, 181.8, 226.2, 276.8, 329.4, 389.0, 453.4, 517.6, 589.2, 674.6, 761.6, 846.4]

fitness score std[0.0, 0.7483314773547883, 0.8944271909999159, 1.16619037896906, 1.6733200530681511, 4.069397989875161, 2.9664793948382653, 2.2271057451320084, 6.99714227381436, 8.818163074019441, 9.042123644365853, 7.730459236035076, 2.4979991993593593, 10.178408519999577, 8.957678270623475, 13.588230201170422, 14.661514246489002, 9.707728879609277, 19.407215153133127, 11.288932633336069]

