sample size[1, 31, 61, 91, 121, 151, 181, 211, 241, 271]

clock time[0.6820691108703614, 0.9579115867614746, 1.2300626277923583, 1.632589292526245, 1.9213430404663085, 2.1903579235076904, 2.4168523788452148, 2.695529556274414, 2.8567295551300047, 3.1636507987976072]

clock time std[0.02494539409263962, 0.003919135570104664, 0.004188399523772229, 0.07530210807140307, 0.017588135660866, 0.11052876416222124, 0.008449860698852481, 0.051561302376697336, 0.040993381891112936, 0.09335988311277313]

fitness score[1.0, 25.4, 44.4, 64.0, 79.2, 97.6, 116.6, 130.0, 148.0, 164.6]

fitness score std[0.0, 0.4898979485566356, 1.2, 1.7888543819998317, 1.16619037896906, 1.624807680927192, 3.878143885933063, 1.5491933384829668, 1.8973665961010275, 0.4898979485566356]

