sample size[1, 31, 61, 91, 121, 151, 181, 211, 241, 271]

clock time[0.003301382064819336, 0.002810239791870117, 0.0028763294219970705, 0.0027846813201904295, 0.0027689456939697264, 0.003118562698364258, 0.0034551143646240233, 0.0029906749725341795, 0.0028067588806152343, 0.0029216289520263674]

clock time std[0.0015317672868385291, 0.00010985400902509034, 0.0001394716816725497, 5.000141816006986e-05, 2.4690036832907376e-05, 0.0002098856805126126, 0.00035589751296790593, 9.689788638596502e-05, 5.5499953366196547e-05, 4.296019647478568e-05]

fitness score[1.0, 28.6, 47.4, 66.4, 80.4, 97.4, 110.6, 126.2, 141.2, 159.0]

fitness score std[0.0, 0.7999999999999999, 2.0591260281974, 3.0724582991474434, 3.4409301068170506, 4.409081537009721, 2.8705400188814645, 4.1182520563948, 4.874423042781576, 7.014271166700073]

