sample size[1, 31, 61, 91, 121, 151, 181, 211, 241, 271]

clock time[0.002399587631225586, 0.001719045639038086, 0.0017146587371826172, 0.0016051769256591798, 0.0015938282012939453, 0.0016659736633300782, 0.0016235828399658204, 0.001695728302001953, 0.001692819595336914, 0.0016703128814697266]

clock time std[0.000750727984829134, 0.00018270906614316256, 0.00017740107263925417, 7.83254347515834e-05, 6.765763110045889e-05, 0.00010094391491288018, 0.00017762145099981013, 8.670908419228148e-05, 0.00010699309940545133, 0.00012641522341831212]

fitness score[0.8, 19.2, 36.6, 52.2, 66.2, 82.2, 95.4, 108.6, 123.8, 142.2]

fitness score std[0.4, 2.9257477676655586, 2.4166091947189146, 4.166533331199932, 4.069397989875161, 4.261455150532504, 2.416609194718914, 3.6110940170535577, 6.305553108173778, 5.564171097297422]

