sample size[1, 31, 61, 91, 121, 151, 181, 211, 241, 271]

clock time[0.0026061534881591797, 0.003150606155395508, 0.002750587463378906, 0.002721214294433594, 0.0032556533813476564, 0.0031499862670898438, 0.003202390670776367, 0.003494119644165039, 0.003067636489868164, 0.003034210205078125]

clock time std[0.00037865203085827486, 0.0004102146847767646, 6.128580067893932e-05, 2.9872468412654402e-05, 0.00044430179308377793, 0.00026086248267861295, 0.00020355029441206684, 0.0004091072355963368, 0.00010462285381230302, 0.00010480763588303557]

fitness score[1.0, 28.6, 47.4, 66.4, 80.4, 97.4, 110.6, 126.2, 141.2, 159.0]

fitness score std[0.0, 0.7999999999999999, 2.0591260281974, 3.0724582991474434, 3.4409301068170506, 4.409081537009721, 2.8705400188814645, 4.1182520563948, 4.874423042781576, 7.014271166700073]

