sample size[1, 11, 21, 31, 41, 51, 61, 71, 81, 91]

clock time[0.005703163146972656, 0.0031444072723388673, 0.011572980880737304, 0.02530975341796875, 0.05781874656677246, 0.09963698387145996, 0.19238548278808593, 0.17364239692687988, 0.27742877006530764, 0.3639523029327393]

clock time std[0.0010610231468027218, 0.001092963094690202, 0.0034202512834739253, 0.012106851115677072, 0.008141231426547033, 0.022212668708830402, 0.033435450714228966, 0.06781691837271732, 0.03314233491569707, 0.1380454033171763]

fitness score[0.0, 47.4, 163.2, 350.6, 655.6, 1004.6, 1505.0, 1676.2, 2299.2, 2683.8]

fitness score std[0.0, 4.454211490264017, 17.735839421916292, 35.69089519751501, 36.10318545502599, 160.19812732987862, 80.00499984375976, 242.17960277446986, 103.79672441845166, 345.94936045612224]

