sample size[1, 11, 21, 31, 41, 51, 61, 71, 81, 91]

clock time[0.00038156509399414065, 0.0018666744232177734, 0.009785079956054687, 0.020815610885620117, 0.038451194763183594, 0.09360179901123047, 0.10147137641906738, 0.1689589500427246, 0.31745266914367676, 0.45820274353027346]

clock time std[8.578996221923398e-05, 0.0005593168073371433, 0.003130371632027963, 0.007955793797970479, 0.009753509420235012, 0.01902089343075047, 0.038999868872654546, 0.04735706716360641, 0.05104046885643977, 0.056948174359909655]

fitness score[0.0, 46.6, 173.6, 366.4, 594.6, 988.4, 1266.0, 1686.8, 2317.2, 2899.8]

fitness score std[0.0, 7.709734106958553, 21.996363335788033, 54.17600945067844, 97.11354179515853, 66.22265473385977, 234.04614929539002, 179.55099554165665, 91.58034723672978, 56.63355895579934]

