sample size[1, 11, 21, 31, 41, 51, 61, 71, 81, 91]

clock time[0.02925877571105957, 0.8840505123138428, 3.794893169403076, 7.333104610443115, 16.46717700958252, 21.650841236114502, 31.766848850250245, 42.92232174873352, 55.86459684371948, 77.27538318634033]

clock time std[0.006345926445121799, 0.07618837049401933, 0.8682228610927092, 0.32185396250489284, 4.626740532341854, 0.8492998972481866, 1.973764582531974, 3.1578114107577657, 2.015136116982988, 8.161556523499499]

fitness score[0.0, 55.0, 199.6, 397.2, 713.0, 974.4, 1319.0, 1656.2, 2221.8, 2629.0]

fitness score std[0.0, 0.0, 13.705473359209451, 32.12724700312805, 37.26660703632677, 52.636869207809085, 71.28534211182549, 52.71204795869726, 108.76102242991283, 37.603191353926334]

