sample size[1, 11, 21, 31, 41, 51, 61, 71, 81, 91]

clock time[0.11959271430969239, 0.2517707824707031, 0.7500725746154785, 1.2125707149505616, 1.8985674858093262, 3.9776113033294678, 4.685499048233032, 4.876614809036255, 7.675345754623413, 7.183529901504516]

clock time std[0.002615484349614355, 0.03139882930082474, 0.13619480346934618, 0.41886238982024493, 0.5967617700922019, 1.2943450176512088, 1.1522673326502118, 1.1948536172489395, 1.931524304821726, 2.320278070394046]

fitness score[0.0, 51.8, 164.8, 336.8, 542.2, 827.6, 1130.2, 1468.0, 1894.0, 2376.8]

fitness score std[0.0, 3.919183588453085, 5.6, 25.142792207708357, 15.599999999999998, 36.21380952067871, 23.83610706470333, 39.42587982531271, 38.59015418471401, 97.89668022971975]

