sample size[2, 7, 12, 17, 22, 27, 32, 37, 42, 47, 52, 57, 62, 67, 72, 77, 82, 87, 92, 97]

clock time[0.023782682418823243, 0.013821029663085937, 0.020345401763916016, 0.025732040405273438, 0.03416881561279297, 0.03975677490234375, 0.15764598846435546, 0.05175738334655762, 0.05833945274353027, 0.06639208793640136, 0.07244572639465333, 0.07800183296203614, 0.08963165283203126, 0.08773307800292969, 0.10179924964904785, 0.10311703681945801, 0.11555814743041992, 0.12060256004333496, 0.12662582397460936, 0.1270268440246582]

clock time std[0.03250884063183298, 0.0016402670704875179, 0.002287224996796279, 0.0006194943680178077, 0.004739276106554734, 0.00227191754444392, 0.22639139843459788, 0.0017016964393889765, 0.001975803466524881, 0.003077319453930455, 0.002770740871712318, 0.0038338569333700003, 0.0037897911575199604, 0.004214719127869239, 0.006075481134122689, 0.004595145938759818, 0.002888472630103807, 0.0036405803745879315, 0.0058202091858291, 0.006349408310251491]

fitness score[0.9534769721904336, 2.1526458914161593, 3.897063368201208, 5.552884691268529, 7.963892683726736, 9.614291096496746, 12.398311437985015, 14.600858955855136, 16.598501375652255, 19.585519223317537, 21.269205225329493, 22.632921157564518, 26.826454377717926, 28.548198447884197, 30.950225597370597, 33.91450700539157, 35.40990763679031, 39.55160970987795, 40.227576717753884, 43.53854709156302]

fitness score std[0.6528707913780787, 0.4747505941342678, 0.5088847790578065, 0.6090057829613696, 0.6899716856997328, 0.7558192663615017, 0.7321272649945749, 0.7420295600614403, 1.013296739525628, 1.1479564466174155, 0.9710720279871191, 0.7571252788980266, 1.1328172220830734, 2.489282905756941, 1.285884015456332, 2.518556038019006, 1.309620264161756, 1.6185791840303398, 2.1677938506960377, 3.6516805032691715]

