sample size[2, 7, 12, 17, 22, 27, 32, 37, 42, 47, 52, 57, 62, 67, 72, 77, 82, 87, 92, 97]

clock time[0.00593719482421875, 0.007822751998901367, 0.010929012298583984, 0.014973592758178712, 0.01880197525024414, 0.02288966178894043, 0.025506973266601562, 0.028137063980102538, 0.030651426315307616, 0.03502402305603027, 0.03938703536987305, 0.043776750564575195, 0.0458643913269043, 0.048730087280273435, 0.05067181587219238, 0.057347440719604494, 0.06047015190124512, 0.06380047798156738, 0.0687347412109375, 0.0691765308380127]

clock time std[0.000891611618919531, 0.00012614735807186132, 0.000545432859190687, 0.0016524162612110444, 0.0010186530082631454, 0.002387900907410002, 0.001596044915511178, 0.00047675963248412556, 0.001742790567195463, 0.001388356203819657, 0.0006884548799122119, 0.002320442746358058, 0.0021515675688587, 0.0016201039903819396, 0.0020085654100647624, 0.0035290518593762326, 0.002885217851521593, 0.0025436959551231437, 0.0027071419360661475, 0.004255707680464728]

fitness score[0.9534769721904336, 2.8508466276381568, 5.138247414874156, 7.167850202275451, 10.641157565898672, 12.959666812306319, 15.072119689443763, 18.62050029688246, 19.460784923609268, 22.581220576557847, 26.97840022146526, 27.21134356758377, 32.3476816747236, 33.28420951672618, 35.67436639038421, 38.30946352065873, 40.91161461009257, 44.453862491367985, 47.32602371174734, 48.42001377200914]

fitness score std[0.6528707913780787, 0.5899327309257856, 0.4202961728526481, 1.0090160545370925, 0.8470024674873287, 1.154863186689366, 0.607084552584074, 1.6143032736604772, 2.293549980471623, 0.7108212055159099, 1.2909789733667547, 1.7484413110039914, 2.087988854876713, 3.2048190089584714, 1.7519708288485543, 2.4804536919114133, 1.4714636913230483, 1.5211013785722853, 2.770208502499335, 2.6803683961530993]

