sample size[2, 7, 12, 17, 22, 27, 32, 37, 42, 47, 52, 57, 62, 67, 72, 77, 82, 87, 92, 97]

clock time[0.3162538528442383, 1.1880879878997803, 2.3651326179504393, 3.8820445060729982, 5.6610394477844235, 7.775499439239502, nan, 12.975288200378419, 16.36562623977661, 22.921372652053833, 25.091148853302002, 27.842959308624266, 33.09286122322082, 38.72356266975403, 43.188734722137454, 49.11807713508606, 55.58819451332092, 60.80904779434204, nan, 74.27262854576111]

clock time std[0.009554458949771192, 0.010574701503326112, 0.013972246967743556, 0.03407727844788972, 0.03231799655766497, 0.04383328705792508, nan, 0.10497988945010103, 0.48574023869277155, 1.426027009794706, 0.7063439877751351, 0.459377972497391, 0.18588891786337844, 0.922643280476445, 0.11199647129260432, 0.3247024929926383, 0.21407289090661868, 0.8388881323794979, nan, 2.8926875113186665]

fitness score[0.9534769721904336, 2.1716124423575063, 4.323892086062753, 6.3329318958107645, 8.807679252991651, 11.215200526988067, nan, 16.394566833166856, 18.20256136416562, 21.171042519481567, 23.58131086537629, 26.49719729844291, 28.570778493543607, 31.048677046677284, 33.258438263649815, 35.56126480116475, 38.19308761074273, 40.3153388646132, nan, 45.47500676090091]

fitness score std[0.6528707913780787, 0.47044981820366505, 0.6021125360198315, 0.5299093557431303, 0.41911341580145667, 0.6839795086691186, nan, 0.5436766403643736, 0.9126383987245447, 0.9934124759003209, 1.2546607422215161, 1.161653778558497, 0.6562708304523154, 0.9768703359405462, 0.8603500996945417, 0.931712456109479, 1.3557411303465732, 1.782860264124279, nan, 1.3952849862705374]

