sample size[2, 7, 12, 17, 22, 27, 32, 37, 42, 47, 52, 57, 62, 67, 72, 77, 82, 87, 92, 97]

clock time[1.2696041584014892, 2.0728880405426025, 2.8079923152923585, 3.580668067932129, 4.24986777305603, 4.943576955795288, 5.612989187240601, 6.375882482528686, 7.156899452209473, 7.763353729248047, 8.503770589828491, 9.179957818984985, 9.971416997909547, 10.63218092918396, 11.382061862945557, 12.091078805923463, 12.774080419540406, 13.533492136001588, 14.243735885620117, 14.893941116333007]

clock time std[0.009483115183506526, 0.014364193442597173, 0.02000623960881111, 0.16556561976920253, 0.05273344085634185, 0.038079382944285686, 0.04206265534913839, 0.06393195682211068, 0.12863066162493758, 0.02508684057273737, 0.11293953653436796, 0.04265010648350495, 0.09959598829724756, 0.0959923775396253, 0.07243369745729139, 0.028900963316251856, 0.0738922264610789, 0.11807210217400625, 0.09095866819235886, 0.08952674373535871]

fitness score[0.9534769721904336, 2.1455442799928135, 3.6240879240862633, 5.521609254499743, 7.632264352776927, 9.720307901453426, 12.574423635796576, 14.64400120734877, 17.214473117387975, 19.337913797542996, 21.703386096245268, 24.17030205241023, 26.40740443834583, 28.594327235464142, 30.939851426933547, 33.92277284073869, 35.18397735075465, 38.833820374854675, 40.53334566687799, 42.94033157116512]

fitness score std[0.6528707913780787, 0.4734663473068431, 0.5276378402010663, 0.2151227594941948, 0.6174421175356549, 0.8011485007586784, 0.6994435324449718, 0.6113038326230469, 0.8777232256002561, 0.8153575895092585, 0.9015121997367458, 0.86213974211645, 1.23623439524784, 0.7268964039152342, 0.8226427218941516, 0.6700293260872495, 1.577617528930986, 0.40199706582675954, 0.39680128207129545, 1.1124746331519066]

