[  15   48   80  112  145  177  209  242  274  306  339  371  403  435
  468  500  532  565  597  629  662  694  726  759  791  823  855  888
  920  952  985 1017 1049 1082 1114 1146 1179 1211 1243 1275 1308 1340
 1372 1405 1437 1469 1502 1534 1566 1599]

[[1.         1.         0.93333333 0.93333333 1.         0.93333333
  1.         1.         0.93333333 1.        ]
 [0.9375     0.9375     1.         0.89583333 1.         0.95833333
  0.95833333 0.85416667 1.         0.95833333]
 [1.         0.95       0.9875     0.9375     1.         0.95
  0.9875     0.9125     0.975      0.8625    ]
 [0.99107143 0.97321429 0.96428571 0.91964286 0.98214286 0.9375
  0.97321429 0.95535714 0.98214286 0.99107143]
 [0.97241379 0.93793103 0.95862069 0.93793103 0.97931034 0.93103448
  0.9862069  0.87586207 0.93103448 0.94482759]
 [0.96610169 0.92090395 0.97740113 0.94915254 0.97175141 0.94350282
  0.98305085 0.92655367 0.94350282 0.93220339]
 [0.97607656 0.93301435 0.98086124 0.98086124 0.96650718 0.94258373
  0.96650718 0.9569378  0.94258373 0.94736842]
 [0.97933884 0.92975207 0.98760331 0.95454545 0.96694215 0.91735537
  0.97933884 0.95454545 0.95454545 0.94628099]
 [0.97445255 0.95985401 0.99635036 0.95620438 0.97810219 0.97080292
  0.97080292 0.97445255 0.96350365 0.95985401]
 [0.97712418 0.96732026 0.97385621 0.96078431 0.98039216 0.95751634
  0.96732026 0.97712418 0.96078431 0.95098039]
 [0.96460177 0.95280236 0.99115044 0.97640118 0.96755162 0.94690265
  0.97050147 0.97345133 0.96165192 0.9439528 ]
 [0.94070081 0.97304582 0.98652291 0.96495957 0.9703504  0.96495957
  0.96495957 0.95687332 0.95148248 0.96226415]
 [0.96029777 0.94292804 0.95037221 0.93548387 0.92555831 0.92059553
  0.90322581 0.93548387 0.88337469 0.89081886]
 [0.9816092  0.97701149 0.98390805 0.97931034 0.97701149 0.97011494
  0.95862069 0.97471264 0.95172414 0.97471264]
 [0.97435897 0.96367521 0.97435897 0.97008547 0.97863248 0.95940171
  0.97435897 0.98290598 0.95940171 0.97435897]
 [0.98       0.976      0.986      0.974      0.976      0.964
  0.972      0.992      0.964      0.972     ]
 [0.98496241 0.96804511 0.98496241 0.98496241 0.98308271 0.94548872
  0.97180451 0.97368421 0.97180451 0.96804511]
 [0.97876106 0.9699115  0.98053097 0.98230088 0.97876106 0.95044248
  0.97699115 0.97876106 0.96106195 0.97345133]
 [0.97319933 0.97152429 0.97487437 0.97487437 0.98157454 0.95812395
  0.97319933 0.95979899 0.95644891 0.97487437]
 [0.95866455 0.97138315 0.98251192 0.9745628  0.98569157 0.9682035
  0.97297297 0.96661367 0.96343402 0.9682035 ]
 [0.96827795 0.96676737 0.97885196 0.97432024 0.98640483 0.9652568
  0.97129909 0.96676737 0.97734139 0.9652568 ]
 [0.97550432 0.9740634  0.98991354 0.97694524 0.98559078 0.96829971
  0.97982709 0.96541787 0.97694524 0.96685879]
 [0.97658402 0.9738292  0.98209366 0.97933884 0.98484848 0.96694215
  0.96831956 0.96143251 0.98071625 0.98071625]
 [0.96310935 0.97101449 0.9828722  0.98155468 0.98023715 0.97496706
  0.97101449 0.96837945 0.97364954 0.97628458]
 [0.96333755 0.97471555 0.98356511 0.97597977 0.97597977 0.96839444
  0.96586599 0.96586599 0.97977244 0.97471555]
 [0.9671932  0.97326853 0.98298906 0.96597813 0.98784933 0.96597813
  0.96597813 0.96476306 0.97326853 0.97326853]
 [0.97309942 0.97309942 0.97660819 0.97192982 0.98596491 0.97309942
  0.96374269 0.97192982 0.96842105 0.97426901]
 [0.97297297 0.96959459 0.97972973 0.9786036  0.97297297 0.97747748
  0.96396396 0.97297297 0.9740991  0.97297297]
 [0.97173913 0.97065217 0.97282609 0.98152174 0.98152174 0.9673913
  0.97173913 0.975      0.97608696 0.96847826]
 [0.96428571 0.96848739 0.97268908 0.97794118 0.97478992 0.96533613
  0.97058824 0.97794118 0.9737395  0.96008403]
 [0.96345178 0.96852792 0.98172589 0.97766497 0.98172589 0.96446701
  0.97258883 0.97461929 0.97360406 0.95837563]
 [0.96656834 0.96951819 0.97443461 0.98328417 0.97836775 0.96558505
  0.97345133 0.98230088 0.98033432 0.97050147]
 [0.96472831 0.97330791 0.98093422 0.98856053 0.97616778 0.96949476
  0.97712107 0.97330791 0.97998093 0.96758818]
 [0.96672828 0.974122   0.97504621 0.987061   0.97504621 0.97319778
  0.97134935 0.97597043 0.98243993 0.96580407]
 [0.96768402 0.97307002 0.97935368 0.98384201 0.97755835 0.96858169
  0.97127469 0.98294434 0.97576302 0.97217235]
 [0.97469459 0.96945899 0.97993019 0.98603839 0.97818499 0.96509599
  0.96771379 0.97469459 0.97818499 0.97033159]
 [0.971162   0.971162   0.98134012 0.98388465 0.97455471 0.97031383
  0.96946565 0.97709924 0.97964377 0.96861747]
 [0.97687861 0.96779521 0.97274979 0.9793559  0.97357556 0.97605285
  0.96862097 0.97357556 0.98100743 0.97770438]
 [0.97827836 0.97023331 0.9847144  0.97103781 0.97506034 0.97345133
  0.96218825 0.97184232 0.98069187 0.97908286]
 [0.96941176 0.96784314 0.97568627 0.97960784 0.97803922 0.97333333
  0.96941176 0.96941176 0.97960784 0.96627451]
 [0.97018349 0.97171254 0.98088685 0.98929664 0.97247706 0.97400612
  0.96941896 0.96788991 0.97859327 0.97324159]
 [0.97537313 0.96940299 0.98656716 0.97910448 0.97014925 0.97686567
  0.97164179 0.9761194  0.97761194 0.97835821]
 [0.97011662 0.97157434 0.96720117 0.98760933 0.97084548 0.97521866
  0.9664723  0.98177843 0.98396501 0.97886297]
 [0.9430605  0.96156584 0.95017794 0.98078292 0.94448399 0.97651246
  0.97081851 0.97295374 0.94519573 0.96868327]
 [0.9763396  0.98260264 0.97981907 0.9763396  0.97912317 0.97912317
  0.97146834 0.97146834 0.98190675 0.98399443]
 [0.97617427 0.97345133 0.96732471 0.97617427 0.96596324 0.97549353
  0.97072839 0.98162015 0.98093941 0.97889721]
 [0.9713715  0.97403462 0.96737683 0.98868176 0.97003995 0.97802929
  0.97070573 0.98069241 0.98002663 0.97736352]
 [0.9726206  0.98370274 0.97457627 0.97653194 0.96805737 0.97848761
  0.97718383 0.98500652 0.98305085 0.97653194]
 [0.97637292 0.9706258  0.96679438 0.97765006 0.96615581 0.98148148
  0.97318008 0.98403576 0.98212005 0.97956577]
 [0.97873671 0.97310819 0.96685428 0.9724828  0.96873046 0.98061288
  0.9793621  0.98123827 0.97748593 0.97560976]]

[[0.36   0.31   0.3325 0.37   0.4525 0.37   0.3425 0.32   0.4125 0.425 ]
 [0.5475 0.445  0.385  0.4925 0.51   0.5275 0.5025 0.4675 0.5    0.4925]
 [0.595  0.5625 0.5675 0.6075 0.5425 0.58   0.505  0.49   0.525  0.5125]
 [0.5925 0.555  0.63   0.605  0.6125 0.55   0.58   0.58   0.59   0.6075]
 [0.6375 0.5925 0.6125 0.6275 0.6225 0.5475 0.5975 0.6    0.6225 0.6   ]
 [0.6525 0.55   0.6525 0.6225 0.6225 0.56   0.64   0.615  0.6725 0.64  ]
 [0.69   0.65   0.675  0.6475 0.635  0.6625 0.655  0.63   0.69   0.6925]
 [0.6475 0.6425 0.6625 0.6825 0.6325 0.5625 0.6425 0.665  0.6825 0.67  ]
 [0.6675 0.6425 0.6875 0.675  0.6625 0.6325 0.65   0.6525 0.65   0.6925]
 [0.6425 0.655  0.68   0.6875 0.6525 0.66   0.655  0.6675 0.665  0.6875]
 [0.6775 0.6425 0.675  0.68   0.675  0.665  0.6625 0.6975 0.65   0.695 ]
 [0.6925 0.6725 0.7025 0.6825 0.6625 0.665  0.6775 0.695  0.6525 0.6875]
 [0.725  0.65   0.705  0.755  0.7025 0.6975 0.69   0.6975 0.6875 0.7075]
 [0.695  0.6825 0.7125 0.6875 0.6975 0.6925 0.6825 0.7    0.65   0.72  ]
 [0.69   0.6725 0.735  0.6775 0.69   0.675  0.68   0.7375 0.67   0.7075]
 [0.725  0.67   0.72   0.665  0.6875 0.6775 0.69   0.71   0.65   0.69  ]
 [0.695  0.68   0.72   0.68   0.6925 0.68   0.6675 0.6875 0.685  0.7   ]
 [0.6875 0.69   0.7075 0.68   0.69   0.6875 0.6775 0.705  0.6975 0.7225]
 [0.7075 0.6975 0.7125 0.7175 0.71   0.7    0.69   0.7025 0.695  0.715 ]
 [0.69   0.7175 0.7125 0.715  0.71   0.7025 0.71   0.725  0.7175 0.74  ]
 [0.7025 0.7125 0.7075 0.715  0.715  0.71   0.7025 0.7425 0.7175 0.7225]
 [0.695  0.7225 0.715  0.69   0.695  0.7025 0.7075 0.7325 0.7175 0.72  ]
 [0.695  0.7125 0.7075 0.7225 0.7075 0.7025 0.71   0.7225 0.71   0.735 ]
 [0.725  0.7125 0.7225 0.7175 0.72   0.7025 0.7125 0.7325 0.72   0.725 ]
 [0.705  0.72   0.7475 0.7225 0.705  0.7    0.715  0.73   0.7025 0.725 ]
 [0.735  0.7325 0.745  0.7425 0.725  0.725  0.705  0.7275 0.7075 0.7325]
 [0.715  0.725  0.745  0.7575 0.7325 0.715  0.71   0.735  0.725  0.705 ]
 [0.7175 0.715  0.76   0.73   0.7325 0.72   0.71   0.7275 0.7025 0.725 ]
 [0.725  0.7375 0.7675 0.735  0.7225 0.7125 0.7075 0.7225 0.7075 0.705 ]
 [0.6975 0.7425 0.7425 0.75   0.7375 0.71   0.695  0.735  0.7025 0.69  ]
 [0.7025 0.73   0.75   0.75   0.735  0.7275 0.7075 0.7225 0.7175 0.68  ]
 [0.715  0.7375 0.755  0.7275 0.7575 0.7325 0.755  0.7075 0.7175 0.7225]
 [0.71   0.7275 0.7475 0.7375 0.74   0.73   0.7425 0.7275 0.72   0.705 ]
 [0.68   0.725  0.75   0.7475 0.7425 0.7125 0.735  0.7125 0.725  0.715 ]
 [0.7125 0.7275 0.7375 0.7375 0.755  0.7275 0.71   0.7175 0.73   0.72  ]
 [0.725  0.735  0.77   0.7425 0.7575 0.725  0.73   0.7275 0.7075 0.6975]
 [0.7275 0.7425 0.7775 0.7375 0.7475 0.73   0.735  0.7225 0.7225 0.705 ]
 [0.755  0.7475 0.7925 0.755  0.75   0.745  0.7525 0.7125 0.7275 0.7425]
 [0.72   0.75   0.78   0.7575 0.7475 0.7425 0.7475 0.7525 0.7275 0.73  ]
 [0.71   0.7625 0.7775 0.7575 0.73   0.725  0.76   0.7575 0.73   0.6975]
 [0.6975 0.755  0.77   0.7325 0.7175 0.7325 0.7575 0.76   0.72   0.7275]
 [0.72   0.755  0.765  0.7325 0.7325 0.73   0.7375 0.765  0.7225 0.735 ]
 [0.7275 0.7425 0.7775 0.72   0.715  0.7275 0.735  0.7175 0.7275 0.7425]
 [0.765  0.7425 0.79   0.79   0.76   0.7625 0.7825 0.745  0.7375 0.7825]
 [0.715  0.765  0.7775 0.755  0.735  0.7325 0.7275 0.7625 0.71   0.7325]
 [0.7425 0.7325 0.7575 0.76   0.7475 0.725  0.735  0.7325 0.7125 0.7375]
 [0.7225 0.7425 0.7975 0.7325 0.7475 0.735  0.7225 0.76   0.7375 0.7325]
 [0.7325 0.735  0.79   0.7475 0.735  0.7325 0.7425 0.7375 0.72   0.75  ]
 [0.74   0.7225 0.775  0.745  0.76   0.7375 0.7175 0.75   0.71   0.7725]
 [0.725  0.715  0.78   0.7425 0.7475 0.7225 0.7425 0.77   0.72   0.7325]]