[0.01       0.03020408 0.05040816 0.07061224 0.09081633 0.11102041
 0.13122449 0.15142857 0.17163265 0.19183673 0.21204082 0.2322449
 0.25244898 0.27265306 0.29285714 0.31306122 0.33326531 0.35346939
 0.37367347 0.39387755 0.41408163 0.43428571 0.4544898  0.47469388
 0.49489796 0.51510204 0.53530612 0.5555102  0.57571429 0.59591837
 0.61612245 0.63632653 0.65653061 0.67673469 0.69693878 0.71714286
 0.73734694 0.75755102 0.7777551  0.79795918 0.81816327 0.83836735
 0.85857143 0.87877551 0.89897959 0.91918367 0.93938776 0.95959184
 0.97979592 1.        ]

[[0.86741714 0.85115697 0.86554096 0.87054409 0.86491557 0.86804253
  0.86741714 0.85428393 0.85866166 0.86241401]
 [0.89993746 0.90181363 0.91244528 0.89493433 0.91244528 0.90744215
  0.90181363 0.90869293 0.89931207 0.89993746]
 [0.9249531  0.91932458 0.9318324  0.92182614 0.92933083 0.92682927
  0.92620388 0.92370231 0.91432145 0.93058161]
 [0.94559099 0.931207   0.93495935 0.9318324  0.93746091 0.931207
  0.94434021 0.93683552 0.93433396 0.93621013]
 [0.95372108 0.93245779 0.94434021 0.94809256 0.94121326 0.94434021
  0.94996873 0.94183865 0.93996248 0.93495935]
 [0.93933709 0.94246404 0.93308318 0.94246404 0.94621639 0.9518449
  0.9518449  0.93433396 0.94559099 0.94621639]
 [0.94434021 0.94183865 0.95121951 0.95372108 0.94308943 0.94371482
  0.94121326 0.93933709 0.95372108 0.94996873]
 [0.9449656  0.92995622 0.93871169 0.94058787 0.94371482 0.94809256
  0.93933709 0.94308943 0.95622264 0.95684803]
 [0.93308318 0.94058787 0.93433396 0.9449656  0.93933709 0.94434021
  0.94371482 0.94559099 0.94371482 0.9380863 ]
 [0.93370857 0.93370857 0.93871169 0.95121951 0.93558474 0.93746091
  0.94183865 0.93871169 0.931207   0.93746091]
 [0.93933709 0.92370231 0.92307692 0.94058787 0.93433396 0.93308318
  0.93621013 0.93558474 0.94371482 0.92933083]
 [0.92808005 0.92870544 0.92620388 0.9380863  0.92933083 0.93308318
  0.94121326 0.94183865 0.92808005 0.92057536]
 [0.91494684 0.9243277  0.93558474 0.92995622 0.91619762 0.92682927
  0.9243277  0.92620388 0.92995622 0.91432145]
 [0.92745466 0.93058161 0.93683552 0.92995622 0.91869919 0.92120075
  0.9380863  0.92745466 0.92682927 0.91744841]
 [0.91869919 0.9318324  0.91369606 0.93495935 0.92933083 0.91682301
  0.91432145 0.9318324  0.92995622 0.92808005]
 [0.91744841 0.91369606 0.92933083 0.9318324  0.92307692 0.91682301
  0.92245153 0.92870544 0.91369606 0.90931832]
 [0.9249531  0.92557849 0.9249531  0.91682301 0.91619762 0.91619762
  0.91557223 0.91244528 0.91369606 0.93370857]
 [0.92245153 0.91369606 0.93245779 0.91369606 0.9111945  0.91494684
  0.92745466 0.91619762 0.92870544 0.92682927]
 [0.92995622 0.91557223 0.90681676 0.91619762 0.91619762 0.931207
  0.9111945  0.9249531  0.91181989 0.92682927]
 [0.92745466 0.9249531  0.91682301 0.90994371 0.89493433 0.91869919
  0.92370231 0.90118824 0.91244528 0.92182614]
 [0.91432145 0.9043152  0.90681676 0.89618512 0.89806129 0.91682301
  0.90869293 0.90118824 0.89993746 0.92870544]
 [0.91369606 0.89493433 0.89993746 0.90494059 0.91869919 0.90306442
  0.92307692 0.91619762 0.91369606 0.90931832]
 [0.89681051 0.90368981 0.89368355 0.90744215 0.8974359  0.90806754
  0.91557223 0.91244528 0.92370231 0.90556598]
 [0.90181363 0.89868668 0.90619137 0.88993121 0.89806129 0.89806129
  0.90494059 0.91932458 0.90869293 0.90556598]
 [0.89493433 0.88617886 0.90681676 0.90056285 0.9180738  0.91744841
  0.91432145 0.91744841 0.90931832 0.89180738]
 [0.89806129 0.90994371 0.89430894 0.90681676 0.90556598 0.8974359
  0.90306442 0.89993746 0.9111945  0.90556598]
 [0.89993746 0.89931207 0.88617886 0.88555347 0.89806129 0.90744215
  0.90869293 0.89118199 0.88993121 0.89180738]
 [0.9111945  0.8974359  0.89118199 0.89806129 0.88617886 0.9043152
  0.89243277 0.89368355 0.90556598 0.89555972]
 [0.89931207 0.90494059 0.89618512 0.90619137 0.89243277 0.90806754
  0.88993121 0.89368355 0.89681051 0.88805503]
 [0.89868668 0.91244528 0.90556598 0.9180738  0.90306442 0.89931207
  0.89368355 0.89305816 0.89868668 0.88555347]
 [0.90243902 0.91181989 0.89555972 0.91056911 0.90556598 0.90619137
  0.89931207 0.89118199 0.89931207 0.89118199]
 [0.88617886 0.91369606 0.89993746 0.90181363 0.90118824 0.9111945
  0.87929956 0.8836773  0.90494059 0.87804878]
 [0.89493433 0.90681676 0.88993121 0.89243277 0.88868043 0.89555972
  0.88305191 0.90494059 0.89868668 0.87804878]
 [0.88993121 0.90306442 0.91682301 0.90056285 0.89305816 0.89806129
  0.90056285 0.89430894 0.89368355 0.8905566 ]
 [0.88180113 0.89931207 0.91619762 0.90056285 0.89368355 0.91244528
  0.88868043 0.87804878 0.90994371 0.89180738]
 [0.89430894 0.90619137 0.92995622 0.90181363 0.88742964 0.89868668
  0.89618512 0.88617886 0.89555972 0.90994371]
 [0.89305816 0.88617886 0.90806754 0.87554722 0.88993121 0.90056285
  0.89493433 0.89931207 0.88617886 0.8905566 ]
 [0.88680425 0.91181989 0.92057536 0.88805503 0.90056285 0.89618512
  0.87742339 0.8974359  0.91932458 0.89868668]
 [0.90118824 0.89118199 0.90806754 0.89493433 0.88993121 0.90181363
  0.87992495 0.89681051 0.90368981 0.86929331]
 [0.87992495 0.8905566  0.9043152  0.89118199 0.89305816 0.89368355
  0.87804878 0.87929956 0.89368355 0.89118199]
 [0.89180738 0.91682301 0.90368981 0.89430894 0.89931207 0.89555972
  0.89681051 0.89555972 0.89806129 0.88180113]
 [0.89618512 0.89806129 0.91932458 0.88993121 0.88430269 0.8905566
  0.89681051 0.89555972 0.90806754 0.89430894]
 [0.89430894 0.90994371 0.90306442 0.87867417 0.88117573 0.88680425
  0.89555972 0.90056285 0.89180738 0.89118199]
 [0.8836773  0.90744215 0.8974359  0.89931207 0.8905566  0.90494059
  0.8836773  0.89681051 0.8974359  0.90306442]
 [0.89368355 0.90368981 0.89806129 0.88930582 0.88117573 0.90806754
  0.88242652 0.88492808 0.8974359  0.89555972]
 [0.89806129 0.88930582 0.89430894 0.88742964 0.90181363 0.87492183
  0.88430269 0.90306442 0.88305191 0.88242652]
 [0.90306442 0.87116948 0.87992495 0.88993121 0.89555972 0.88742964
  0.89931207 0.89493433 0.89681051 0.89118199]
 [0.90494059 0.88617886 0.89493433 0.89243277 0.88305191 0.89118199
  0.91244528 0.89868668 0.90931832 0.88117573]
 [0.88930582 0.89493433 0.89993746 0.88868043 0.88117573 0.88242652
  0.90118824 0.88742964 0.88430269 0.88117573]
 [0.90243902 0.88993121 0.89243277 0.87054409 0.88805503 0.87367104
  0.8974359  0.88555347 0.89368355 0.88305191]]

[[0.765  0.7175 0.7675 0.77   0.72   0.725  0.75   0.7125 0.745  0.7225]
 [0.7825 0.76   0.7675 0.8    0.76   0.78   0.7575 0.7225 0.775  0.7575]
 [0.7625 0.7525 0.7625 0.8    0.765  0.7775 0.755  0.73   0.7875 0.7775]
 [0.795  0.7775 0.7825 0.795  0.7725 0.7825 0.7575 0.74   0.785  0.785 ]
 [0.78   0.7725 0.79   0.79   0.7825 0.7475 0.745  0.7375 0.76   0.775 ]
 [0.74   0.785  0.745  0.77   0.7325 0.7525 0.755  0.745  0.7875 0.7475]
 [0.7275 0.785  0.765  0.775  0.7325 0.74   0.735  0.7775 0.7825 0.73  ]
 [0.745  0.75   0.755  0.7525 0.7175 0.7375 0.7275 0.7525 0.7625 0.755 ]
 [0.76   0.7475 0.735  0.785  0.7325 0.7675 0.73   0.75   0.74   0.7425]
 [0.7375 0.705  0.7525 0.7725 0.735  0.735  0.6975 0.7175 0.77   0.775 ]
 [0.7525 0.7425 0.7325 0.7725 0.7175 0.7325 0.7175 0.7175 0.74   0.7625]
 [0.72   0.7075 0.7275 0.76   0.75   0.745  0.7225 0.6925 0.6975 0.73  ]
 [0.7125 0.71   0.73   0.7325 0.68   0.72   0.72   0.68   0.75   0.7525]
 [0.725  0.7275 0.705  0.7475 0.7125 0.7475 0.7    0.7125 0.7275 0.7325]
 [0.7125 0.7425 0.7225 0.725  0.69   0.72   0.705  0.695  0.7    0.7075]
 [0.7125 0.71   0.775  0.7425 0.7075 0.7075 0.71   0.73   0.745  0.7225]
 [0.715  0.7    0.7125 0.7375 0.6925 0.7475 0.6975 0.72   0.7075 0.71  ]
 [0.725  0.6975 0.7325 0.755  0.66   0.745  0.68   0.7075 0.7075 0.72  ]
 [0.7375 0.7    0.6925 0.735  0.71   0.7125 0.7025 0.695  0.75   0.735 ]
 [0.7075 0.68   0.73   0.735  0.67   0.69   0.7075 0.6725 0.7525 0.7025]
 [0.7    0.6675 0.7125 0.7125 0.685  0.71   0.6775 0.7075 0.7125 0.74  ]
 [0.6975 0.6925 0.73   0.7175 0.715  0.69   0.7025 0.71   0.7175 0.715 ]
 [0.7125 0.7275 0.6975 0.7475 0.7275 0.6475 0.685  0.7025 0.675  0.68  ]
 [0.705  0.6825 0.7025 0.6875 0.6925 0.7225 0.695  0.6975 0.7125 0.7175]
 [0.7    0.685  0.7125 0.76   0.7    0.705  0.6875 0.695  0.6975 0.67  ]
 [0.7025 0.71   0.72   0.7225 0.6825 0.7    0.72   0.685  0.675  0.715 ]
 [0.7    0.7325 0.67   0.7025 0.6875 0.7075 0.69   0.6975 0.6675 0.6875]
 [0.7025 0.705  0.685  0.74   0.6875 0.71   0.685  0.6675 0.7225 0.69  ]
 [0.6625 0.665  0.7125 0.76   0.695  0.68   0.6725 0.7    0.7325 0.73  ]
 [0.74   0.72   0.715  0.7175 0.68   0.6775 0.69   0.6525 0.7    0.695 ]
 [0.695  0.6725 0.705  0.7275 0.655  0.67   0.655  0.6975 0.7125 0.7225]
 [0.7025 0.68   0.6875 0.7075 0.695  0.655  0.6875 0.65   0.6975 0.7075]
 [0.6825 0.725  0.7425 0.755  0.6725 0.69   0.665  0.68   0.6875 0.7   ]
 [0.685  0.6925 0.695  0.74   0.7025 0.665  0.6675 0.6425 0.68   0.66  ]
 [0.725  0.705  0.7125 0.7025 0.65   0.6975 0.69   0.6575 0.695  0.67  ]
 [0.715  0.7125 0.7275 0.755  0.6475 0.71   0.6575 0.6925 0.6975 0.6825]
 [0.7    0.7025 0.68   0.7    0.655  0.6625 0.68   0.6775 0.6875 0.6875]
 [0.6875 0.6875 0.725  0.74   0.6525 0.6575 0.675  0.6675 0.7025 0.695 ]
 [0.725  0.6775 0.725  0.75   0.6975 0.69   0.69   0.6625 0.715  0.675 ]
 [0.6875 0.6525 0.715  0.7025 0.6775 0.715  0.68   0.675  0.6825 0.6925]
 [0.705  0.71   0.71   0.7425 0.67   0.6875 0.6625 0.6775 0.705  0.655 ]
 [0.7075 0.665  0.7325 0.7375 0.7375 0.6775 0.6875 0.6875 0.695  0.67  ]
 [0.705  0.6875 0.7075 0.695  0.6875 0.725  0.66   0.675  0.705  0.6875]
 [0.6825 0.7    0.7175 0.7475 0.685  0.68   0.6875 0.69   0.71   0.69  ]
 [0.6925 0.66   0.7125 0.6875 0.6925 0.715  0.6925 0.6825 0.7025 0.6875]
 [0.7225 0.6775 0.73   0.705  0.655  0.6775 0.6575 0.6975 0.67   0.7025]
 [0.6975 0.6525 0.72   0.71   0.685  0.6825 0.6775 0.685  0.695  0.745 ]
 [0.7075 0.67   0.71   0.725  0.6925 0.69   0.695  0.63   0.65   0.685 ]
 [0.6825 0.6775 0.7325 0.7125 0.6875 0.69   0.69   0.66   0.6725 0.705 ]
 [0.68   0.705  0.7125 0.73   0.675  0.67   0.68   0.7075 0.675  0.67  ]]