[1, 3, 5, 7, 9, 11, 13, 15, 17, 19, 21, 23, 25, 27, 29, 31, 33, 35, 37, 39, 41, 43, 45, 47, 49, 51, 53, 55, 57, 59, 61, 63, 65, 67, 69, 71, 73, 75, 77, 79, 81, 83, 85, 87, 89, 91, 93, 95, 97, 99]

[[0.77298311 0.77485929 0.76985616 0.77923702 0.78674171 0.7879925
  0.77736085 0.76610381 0.76235147 0.78424015]
 [0.81863665 0.81676048 0.81926204 0.83864916 0.82489056 0.81175735
  0.83051907 0.84865541 0.80863039 0.83239525]
 [0.89868668 0.89681051 0.87992495 0.89493433 0.88117573 0.88805503
  0.89118199 0.88180113 0.87992495 0.89180738]
 [0.9249531  0.91369606 0.931207   0.91619762 0.92182614 0.92120075
  0.90556598 0.90619137 0.9111945  0.91432145]
 [0.93621013 0.931207   0.9318324  0.93558474 0.93058161 0.93621013
  0.94434021 0.9380863  0.92870544 0.931207  ]
 [0.95121951 0.93996248 0.94996873 0.9518449  0.9518449  0.94684178
  0.94871795 0.93433396 0.94934334 0.95684803]
 [0.9587242  0.95997498 0.96622889 0.9518449  0.95934959 0.95809881
  0.95809881 0.9449656  0.94746717 0.96247655]
 [0.9656035  0.96685428 0.96372733 0.96122577 0.96060038 0.96435272
  0.97060663 0.96685428 0.96247655 0.9587242 ]
 [0.97310819 0.96122577 0.97560976 0.96310194 0.97623515 0.97185741
  0.96998124 0.96372733 0.96873046 0.96185116]
 [0.96685428 0.97435897 0.97185741 0.96185116 0.97310819 0.96998124
  0.96747967 0.97373358 0.96998124 0.97123202]
 [0.97686054 0.96810507 0.98061288 0.97123202 0.97498437 0.97873671
  0.9724828  0.97435897 0.96935585 0.98061288]
 [0.97373358 0.98186366 0.97748593 0.97873671 0.97623515 0.97560976
  0.97811132 0.9793621  0.97623515 0.9793621 ]
 [0.98436523 0.98123827 0.9862414  0.98311445 0.97998749 0.98123827
  0.98436523 0.97873671 0.98436523 0.98248906]
 [0.98061288 0.98561601 0.98686679 0.98561601 0.98561601 0.98686679
  0.9793621  0.98686679 0.98561601 0.98686679]
 [0.98436523 0.98874296 0.98561601 0.98186366 0.97435897 0.98186366
  0.98436523 0.98311445 0.9793621  0.98373984]
 [0.98123827 0.98123827 0.98686679 0.98123827 0.97560976 0.98936836
  0.98999375 0.9862414  0.98499062 0.98749218]
 [0.98061288 0.99124453 0.98311445 0.98311445 0.9862414  0.98749218
  0.98248906 0.98686679 0.98874296 0.99124453]
 [0.98749218 0.98749218 0.98874296 0.98186366 0.98311445 0.98874296
  0.98686679 0.98561601 0.98811757 0.9862414 ]
 [0.98686679 0.98686679 0.98811757 0.98874296 0.98561601 0.9862414
  0.98999375 0.98061288 0.98936836 0.9862414 ]
 [0.98373984 0.99061914 0.9931207  0.98499062 0.98373984 0.98811757
  0.99061914 0.99249531 0.99124453 0.99249531]
 [0.98936836 0.9862414  0.99249531 0.98499062 0.9862414  0.98811757
  0.98749218 0.99374609 0.98936836 0.98811757]
 [0.98811757 0.99186992 0.99249531 0.98936836 0.98811757 0.98749218
  0.99061914 0.98999375 0.98999375 0.99186992]
 [0.98936836 0.99124453 0.98936836 0.98936836 0.99061914 0.98874296
  0.98999375 0.99124453 0.98811757 0.98749218]
 [0.98436523 0.98749218 0.98499062 0.99061914 0.99061914 0.98499062
  0.99687305 0.9931207  0.98811757 0.9862414 ]
 [0.98749218 0.98999375 0.98999375 0.98936836 0.99124453 0.9931207
  0.98561601 0.98999375 0.99186992 0.98936836]
 [0.98874296 0.99186992 0.99374609 0.99374609 0.98936836 0.9931207
  0.9931207  0.98999375 0.9931207  0.98561601]
 [0.99249531 0.99186992 0.9931207  0.99437148 0.99437148 0.99186992
  0.99186992 0.99061914 0.9931207  0.99186992]
 [0.99186992 0.9931207  0.99562226 0.98936836 0.99499687 0.9931207
  0.98436523 0.99374609 0.99186992 0.9931207 ]
 [0.99374609 0.99061914 0.99624765 0.99061914 0.98874296 0.99186992
  0.99249531 0.99437148 0.9931207  0.98999375]
 [0.99249531 0.99499687 0.99437148 0.99624765 0.99061914 0.99374609
  0.99186992 0.99624765 0.99687305 0.99499687]
 [0.99249531 0.99186992 0.99124453 0.99061914 0.99374609 0.99687305
  0.9931207  0.99124453 0.99624765 0.99374609]
 [0.99374609 0.99687305 0.99374609 0.9931207  0.99061914 0.99437148
  0.99499687 0.99624765 0.99624765 0.99562226]
 [0.99499687 0.99186992 0.9931207  0.99562226 0.99061914 0.99374609
  0.99249531 0.99249531 0.99562226 0.99061914]
 [0.99374609 0.99687305 0.99499687 0.9931207  0.99562226 0.9931207
  0.99499687 0.99562226 0.99374609 0.99186992]
 [0.99437148 0.99624765 0.99499687 0.99562226 0.99374609 0.99562226
  0.99624765 0.9931207  0.99624765 0.99562226]
 [0.9931207  0.99499687 0.99499687 0.9931207  0.99437148 0.9931207
  0.99687305 0.9931207  0.99374609 0.99499687]
 [0.99374609 0.99437148 0.99437148 0.9931207  0.9931207  0.99562226
  0.99562226 0.99499687 0.99562226 0.99624765]
 [0.99437148 0.99562226 0.99499687 0.99562226 0.99437148 0.98999375
  0.99562226 0.99124453 0.99374609 0.99624765]
 [0.99124453 0.99687305 0.99562226 0.99437148 0.99624765 0.99374609
  0.99499687 0.99687305 0.99624765 0.99624765]
 [0.99437148 0.99499687 0.99749844 0.99562226 0.99749844 0.99562226
  0.99374609 0.99499687 0.99499687 0.99687305]
 [0.99374609 0.99437148 0.99749844 0.99374609 0.99061914 0.99499687
  0.99562226 0.99499687 0.99374609 0.9931207 ]
 [0.99562226 0.99624765 0.99749844 0.99374609 0.99562226 0.99624765
  0.99624765 0.99687305 0.99562226 0.99499687]
 [0.99437148 0.99499687 0.99624765 0.99624765 0.99624765 0.99186992
  0.99499687 0.99624765 0.99562226 0.99437148]
 [0.99499687 0.99874922 0.99687305 0.99374609 0.99499687 0.99437148
  0.99812383 0.99437148 0.99624765 0.99562226]
 [0.99499687 0.99562226 0.99687305 0.9931207  0.99624765 0.99499687
  0.99687305 0.99749844 0.99874922 0.99374609]
 [0.99624765 0.99499687 0.99874922 0.99499687 0.99687305 0.99687305
  0.99812383 0.99562226 0.99499687 0.99186992]
 [0.99562226 0.99562226 0.99874922 0.99687305 0.99874922 0.99562226
  0.9931207  0.99687305 0.99624765 0.99437148]
 [0.99624765 0.99562226 0.99687305 0.99499687 0.99624765 0.99562226
  0.99562226 0.99499687 0.99749844 0.99437148]
 [0.99499687 0.99562226 0.99562226 0.99812383 0.99812383 0.99562226
  0.99562226 0.99562226 0.99812383 0.99937461]
 [0.99624765 0.99749844 0.99687305 0.99749844 0.99687305 0.99499687
  0.99687305 0.99624765 0.99749844 0.99687305]]

[[0.7075 0.6675 0.7075 0.69   0.705  0.705  0.6925 0.6725 0.64   0.675 ]
 [0.6525 0.6075 0.6925 0.685  0.63   0.6675 0.6375 0.6475 0.635  0.67  ]
 [0.695  0.6825 0.715  0.695  0.68   0.6975 0.6725 0.665  0.66   0.7175]
 [0.73   0.725  0.735  0.7275 0.6925 0.68   0.68   0.67   0.72   0.7125]
 [0.7175 0.675  0.75   0.76   0.71   0.7125 0.7125 0.71   0.7225 0.75  ]
 [0.755  0.71   0.755  0.745  0.725  0.7    0.695  0.7225 0.73   0.7625]
 [0.765  0.7125 0.7425 0.7875 0.74   0.72   0.7325 0.7075 0.7175 0.7125]
 [0.7775 0.6925 0.76   0.745  0.7425 0.7375 0.71   0.71   0.7425 0.7725]
 [0.785  0.755  0.7525 0.7725 0.73   0.7275 0.7425 0.755  0.75   0.7575]
 [0.745  0.7125 0.7425 0.7875 0.75   0.745  0.7325 0.75   0.7425 0.7575]
 [0.745  0.7525 0.7675 0.785  0.7925 0.765  0.755  0.7725 0.75   0.7825]
 [0.745  0.7575 0.765  0.79   0.7425 0.7425 0.7325 0.745  0.75   0.7775]
 [0.755  0.765  0.7825 0.79   0.785  0.77   0.7475 0.7375 0.7575 0.7675]
 [0.77   0.7425 0.755  0.77   0.76   0.75   0.755  0.74   0.775  0.7975]
 [0.7425 0.79   0.7475 0.7825 0.7725 0.7675 0.735  0.7575 0.7425 0.7625]
 [0.76   0.7725 0.7825 0.815  0.7675 0.75   0.7675 0.7625 0.775  0.76  ]
 [0.7525 0.7825 0.78   0.78   0.7875 0.7625 0.7675 0.7225 0.7425 0.7925]
 [0.775  0.7625 0.7625 0.79   0.7475 0.755  0.77   0.755  0.7725 0.7825]
 [0.765  0.78   0.775  0.7725 0.7625 0.765  0.7675 0.7525 0.755  0.775 ]
 [0.785  0.745  0.8075 0.8025 0.765  0.755  0.755  0.7275 0.7825 0.78  ]
 [0.77   0.7825 0.8025 0.765  0.7675 0.735  0.735  0.73   0.75   0.77  ]
 [0.7825 0.785  0.7625 0.7825 0.7825 0.77   0.795  0.74   0.7625 0.7875]
 [0.7675 0.7775 0.785  0.785  0.7825 0.765  0.7725 0.7775 0.79   0.7825]
 [0.7625 0.765  0.7925 0.8    0.7775 0.7675 0.7575 0.7725 0.7475 0.7875]
 [0.7925 0.765  0.7875 0.8075 0.7975 0.76   0.77   0.7625 0.7475 0.78  ]
 [0.7825 0.765  0.79   0.7675 0.7525 0.75   0.76   0.765  0.7675 0.795 ]
 [0.79   0.77   0.785  0.795  0.7925 0.76   0.765  0.76   0.7825 0.7975]
 [0.78   0.78   0.7725 0.805  0.7875 0.7775 0.7575 0.77   0.765  0.8125]
 [0.7925 0.765  0.79   0.7925 0.79   0.765  0.7625 0.7775 0.7975 0.785 ]
 [0.79   0.78   0.7675 0.8    0.79   0.77   0.7775 0.7575 0.7675 0.7875]
 [0.78   0.775  0.785  0.795  0.7725 0.7675 0.795  0.7525 0.79   0.7575]
 [0.785  0.79   0.8    0.805  0.7775 0.755  0.7725 0.7225 0.795  0.775 ]
 [0.7725 0.78   0.7725 0.7825 0.8025 0.74   0.7825 0.7425 0.7975 0.805 ]
 [0.795  0.7775 0.7775 0.815  0.785  0.785  0.78   0.745  0.7675 0.8   ]
 [0.77   0.7975 0.7975 0.7825 0.795  0.785  0.7625 0.77   0.7925 0.7925]
 [0.7625 0.7875 0.78   0.785  0.805  0.8075 0.8    0.765  0.7825 0.8025]
 [0.78   0.78   0.7875 0.7925 0.7875 0.795  0.76   0.7625 0.785  0.8025]
 [0.7975 0.79   0.7675 0.82   0.785  0.785  0.785  0.77   0.7975 0.8025]
 [0.78   0.765  0.775  0.8275 0.78   0.77   0.7775 0.7675 0.8075 0.795 ]
 [0.7675 0.7625 0.7875 0.82   0.7975 0.78   0.765  0.77   0.7775 0.785 ]
 [0.78   0.7725 0.7825 0.805  0.8175 0.78   0.76   0.76   0.78   0.79  ]
 [0.8025 0.7775 0.795  0.8225 0.805  0.79   0.78   0.7875 0.78   0.8125]
 [0.7925 0.775  0.785  0.8175 0.7825 0.7825 0.785  0.795  0.795  0.8025]
 [0.785  0.795  0.81   0.8025 0.79   0.7975 0.7725 0.77   0.78   0.805 ]
 [0.79   0.7875 0.7775 0.7825 0.795  0.77   0.79   0.795  0.78   0.8125]
 [0.78   0.8    0.7775 0.8125 0.8025 0.7725 0.7725 0.7725 0.785  0.795 ]
 [0.7825 0.79   0.7775 0.805  0.8    0.76   0.78   0.77   0.8    0.785 ]
 [0.78   0.78   0.79   0.81   0.78   0.7725 0.76   0.765  0.7775 0.82  ]
 [0.78   0.7925 0.785  0.815  0.7975 0.7825 0.79   0.78   0.7725 0.8125]
 [0.81   0.79   0.7975 0.8075 0.7725 0.76   0.785  0.77   0.775  0.7775]]