[  15   48   80  112  145  177  209  242  274  306  339  371  403  435
  468  500  532  565  597  629  662  694  726  759  791  823  855  888
  920  952  985 1017 1049 1082 1114 1146 1179 1211 1243 1275 1308 1340
 1372 1405 1437 1469 1502 1534 1566 1599]

[[0.46666667 0.6        0.46666667 0.4        0.46666667 0.6
  0.66666667 0.6        0.53333333 0.53333333]
 [0.79166667 0.8125     0.77083333 0.77083333 0.8125     0.85416667
  0.75       0.77083333 0.75       0.8125    ]
 [0.875      0.8625     0.9        0.875      0.9125     0.85
  0.8625     0.85       0.8625     0.875     ]
 [0.91071429 0.86607143 0.85714286 0.85714286 0.85714286 0.90178571
  0.83928571 0.875      0.90178571 0.88392857]
 [0.91724138 0.85517241 0.85517241 0.87586207 0.87586207 0.88965517
  0.86896552 0.88275862 0.87586207 0.85517241]
 [0.87570621 0.85310734 0.85310734 0.86440678 0.86440678 0.87570621
  0.8700565  0.85310734 0.88135593 0.85310734]
 [0.88038278 0.85645933 0.86602871 0.84210526 0.85645933 0.86124402
  0.88038278 0.85167464 0.86124402 0.83253589]
 [0.8677686  0.85950413 0.8677686  0.87190083 0.86363636 0.87190083
  0.88842975 0.84710744 0.86363636 0.86363636]
 [0.86861314 0.85766423 0.87591241 0.8649635  0.88321168 0.89051095
  0.89051095 0.83941606 0.8649635  0.87591241]
 [0.87254902 0.8496732  0.89542484 0.82026144 0.86928105 0.86928105
  0.89869281 0.84640523 0.87908497 0.88235294]
 [0.87020649 0.88495575 0.86430678 0.84660767 0.85545723 0.87905605
  0.89085546 0.86135693 0.86725664 0.86430678]
 [0.86522911 0.88409704 0.87061995 0.86792453 0.87601078 0.85983827
  0.86253369 0.87331536 0.85983827 0.88409704]
 [0.87593052 0.85359801 0.8560794  0.8560794  0.87344913 0.85856079
  0.87096774 0.88833747 0.86600496 0.88585608]
 [0.89425287 0.86436782 0.86436782 0.85287356 0.87816092 0.87356322
  0.88735632 0.88735632 0.87356322 0.88505747]
 [0.88247863 0.88034188 0.86965812 0.87179487 0.86538462 0.87393162
  0.86965812 0.88461538 0.87393162 0.9017094 ]
 [0.882      0.882      0.872      0.878      0.862      0.886
  0.866      0.888      0.89       0.892     ]
 [0.87406015 0.89285714 0.86654135 0.87218045 0.87969925 0.89661654
  0.88345865 0.87218045 0.87781955 0.88721805]
 [0.87787611 0.90265487 0.8619469  0.86725664 0.88849558 0.89380531
  0.89380531 0.87256637 0.88141593 0.87610619]
 [0.88609715 0.90117253 0.8961474  0.87939698 0.89447236 0.88107203
  0.88274707 0.8760469  0.89949749 0.87939698]
 [0.88235294 0.89984102 0.86804452 0.87758347 0.88712242 0.88235294
  0.88394277 0.88553259 0.88235294 0.88553259]
 [0.87915408 0.88821752 0.8776435  0.8897281  0.88670695 0.8776435
  0.88821752 0.8836858  0.8776435  0.86858006]
 [0.89048991 0.89481268 0.88616715 0.87319885 0.89337176 0.88040346
  0.88760807 0.87463977 0.89337176 0.88904899]
 [0.88567493 0.90220386 0.89256198 0.87190083 0.87878788 0.87190083
  0.88705234 0.88016529 0.89118457 0.88980716]
 [0.89459816 0.89196311 0.89064559 0.87615283 0.8801054  0.88932806
  0.89064559 0.87483531 0.88405797 0.87878788]
 [0.88621997 0.89759798 0.88874842 0.88242731 0.88874842 0.88116308
  0.88116308 0.88621997 0.89001264 0.89506953]
 [0.90765492 0.89185905 0.88942892 0.88942892 0.90157959 0.89064399
  0.88456865 0.88699878 0.87484812 0.88335358]
 [0.90526316 0.88304094 0.89356725 0.88888889 0.89239766 0.89239766
  0.89356725 0.88421053 0.88888889 0.88070175]
 [0.90315315 0.88626126 0.89414414 0.88175676 0.89301802 0.8795045
  0.88963964 0.89301802 0.88963964 0.87837838]
 [0.90326087 0.88695652 0.89782609 0.87717391 0.88369565 0.88913043
  0.88695652 0.88804348 0.88369565 0.88478261]
 [0.89915966 0.89180672 0.88760504 0.89495798 0.89285714 0.88865546
  0.88970588 0.87710084 0.88340336 0.8855042 ]
 [0.89847716 0.90253807 0.89340102 0.89035533 0.90456853 0.89746193
  0.89847716 0.87918782 0.8893401  0.87918782]
 [0.89577188 0.89872173 0.88593904 0.88593904 0.89970501 0.88397247
  0.89675516 0.89085546 0.8879056  0.88003933]
 [0.89513823 0.90657769 0.88560534 0.87607245 0.8970448  0.88655863
  0.89513823 0.87988561 0.88560534 0.88560534]
 [0.89648799 0.91219963 0.8844732  0.88170055 0.89556377 0.8844732
  0.89648799 0.89001848 0.88077634 0.88170055]
 [0.88958707 0.90754039 0.89317774 0.88420108 0.89228007 0.89048474
  0.89856373 0.89138241 0.88599641 0.88240575]
 [0.89790576 0.89528796 0.89179756 0.88656195 0.89092496 0.89267016
  0.88568935 0.89005236 0.88132635 0.88743455]
 [0.90076336 0.89482612 0.88719254 0.88210348 0.88464801 0.89737065
  0.90076336 0.88379983 0.88719254 0.88379983]
 [0.89925681 0.90255987 0.88852188 0.89099917 0.88934765 0.89347647
  0.9017341  0.89099917 0.88769612 0.88274154]
 [0.90104586 0.89460981 0.89380531 0.88173773 0.8921963  0.8921963
  0.89541432 0.88495575 0.88817377 0.88173773]
 [0.89647059 0.88862745 0.89098039 0.89098039 0.8854902  0.89098039
  0.89333333 0.88862745 0.88862745 0.88392157]
 [0.89984709 0.90137615 0.90137615 0.89067278 0.89831804 0.88914373
  0.89449541 0.88302752 0.8883792  0.88455657]
 [0.90298507 0.89925373 0.9        0.89552239 0.89104478 0.88955224
  0.89253731 0.8858209  0.88955224 0.89179104]
 [0.89650146 0.89795918 0.90233236 0.89212828 0.88483965 0.89358601
  0.89285714 0.90014577 0.89067055 0.88411079]
 [0.89679715 0.89323843 0.90391459 0.89608541 0.88825623 0.89323843
  0.89608541 0.88825623 0.89252669 0.88469751]
 [0.89352818 0.89770355 0.90118302 0.89422408 0.88796103 0.89491997
  0.89561587 0.89074461 0.89561587 0.88587335]
 [0.89652825 0.89516678 0.89448604 0.9012934  0.88904016 0.89584752
  0.89448604 0.89380531 0.89448604 0.88699796]
 [0.8954727  0.89813582 0.88482024 0.89280959 0.89147803 0.90412783
  0.88748336 0.89747004 0.89414115 0.89014647]
 [0.90091265 0.89830508 0.89504563 0.88852673 0.89243807 0.89960887
  0.89178618 0.88983051 0.88917862 0.89504563]
 [0.89719029 0.90229885 0.89527458 0.89016603 0.89335888 0.90038314
  0.88952746 0.89399745 0.89527458 0.89591315]
 [0.89305816 0.90494059 0.8974359  0.89118199 0.8974359  0.89931207
  0.89493433 0.89993746 0.89430894 0.8905566 ]]

[[0.2575 0.185  0.1625 0.1375 0.22   0.1875 0.2275 0.1725 0.2175 0.2025]
 [0.4375 0.3675 0.39   0.445  0.355  0.44   0.435  0.3225 0.3775 0.3275]
 [0.4175 0.48   0.4875 0.4425 0.4975 0.54   0.44   0.5    0.5525 0.51  ]
 [0.5475 0.495  0.5025 0.575  0.5575 0.635  0.495  0.525  0.605  0.5175]
 [0.5975 0.5275 0.555  0.565  0.595  0.6225 0.52   0.575  0.5725 0.585 ]
 [0.5375 0.5725 0.595  0.55   0.59   0.6725 0.585  0.5475 0.5575 0.62  ]
 [0.58   0.5575 0.6275 0.58   0.5475 0.6425 0.5825 0.57   0.615  0.6225]
 [0.57   0.5875 0.63   0.625  0.55   0.595  0.6075 0.5775 0.6425 0.635 ]
 [0.5975 0.6075 0.635  0.6525 0.64   0.63   0.63   0.5775 0.5775 0.61  ]
 [0.6225 0.6275 0.645  0.615  0.5725 0.6    0.585  0.6125 0.62   0.6525]
 [0.5725 0.61   0.6125 0.6375 0.6175 0.65   0.58   0.615  0.6525 0.645 ]
 [0.605  0.6075 0.635  0.6475 0.5775 0.56   0.6225 0.595  0.6525 0.6625]
 [0.6375 0.61   0.6425 0.665  0.6425 0.585  0.6175 0.635  0.63   0.6675]
 [0.6525 0.5925 0.6375 0.68   0.6375 0.5975 0.6425 0.62   0.63   0.6425]
 [0.6675 0.5925 0.6925 0.69   0.6275 0.66   0.64   0.63   0.6375 0.665 ]
 [0.67   0.615  0.6675 0.65   0.605  0.6425 0.63   0.6075 0.6275 0.68  ]
 [0.6425 0.565  0.65   0.6875 0.6475 0.645  0.6275 0.6325 0.66   0.6775]
 [0.6875 0.6425 0.6425 0.685  0.62   0.625  0.6475 0.6025 0.655  0.695 ]
 [0.665  0.645  0.6825 0.7225 0.645  0.62   0.67   0.6225 0.645  0.685 ]
 [0.7075 0.6325 0.67   0.66   0.64   0.66   0.645  0.6075 0.675  0.675 ]
 [0.6925 0.645  0.6575 0.6875 0.6575 0.6375 0.6375 0.6225 0.68   0.685 ]
 [0.685  0.6725 0.6975 0.7    0.665  0.635  0.635  0.655  0.6425 0.705 ]
 [0.675  0.6625 0.7125 0.6875 0.645  0.6525 0.6375 0.6375 0.6475 0.7025]
 [0.67   0.635  0.6775 0.6875 0.6325 0.6475 0.6375 0.6225 0.6575 0.6775]
 [0.625  0.665  0.6825 0.665  0.675  0.71   0.6475 0.6375 0.685  0.665 ]
 [0.6825 0.6525 0.6725 0.6625 0.6625 0.7    0.6425 0.635  0.6775 0.695 ]
 [0.72   0.6925 0.67   0.6825 0.6975 0.695  0.6425 0.6525 0.6875 0.68  ]
 [0.705  0.6975 0.6975 0.6575 0.675  0.665  0.65   0.69   0.6625 0.6875]
 [0.7375 0.67   0.6675 0.6975 0.6525 0.685  0.66   0.6775 0.6875 0.7175]
 [0.735  0.665  0.6725 0.6575 0.6525 0.6625 0.67   0.68   0.6725 0.715 ]
 [0.7175 0.6825 0.71   0.6775 0.6925 0.6775 0.6475 0.6925 0.64   0.665 ]
 [0.7125 0.6725 0.695  0.665  0.6925 0.695  0.6625 0.6775 0.6775 0.6675]
 [0.6725 0.67   0.69   0.695  0.645  0.7075 0.695  0.6575 0.66   0.685 ]
 [0.67   0.665  0.665  0.68   0.6525 0.695  0.6775 0.645  0.685  0.725 ]
 [0.6775 0.6775 0.71   0.6975 0.675  0.7    0.645  0.6625 0.715  0.695 ]
 [0.6875 0.7025 0.7075 0.6775 0.6775 0.7175 0.6775 0.635  0.67   0.7125]
 [0.705  0.7225 0.6625 0.6675 0.6975 0.705  0.67   0.65   0.685  0.72  ]
 [0.695  0.7025 0.665  0.7    0.705  0.6875 0.66   0.645  0.69   0.72  ]
 [0.6925 0.685  0.6975 0.7225 0.66   0.7125 0.665  0.6725 0.6725 0.6825]
 [0.695  0.675  0.6925 0.675  0.6925 0.725  0.7    0.6525 0.66   0.6875]
 [0.705  0.7075 0.69   0.705  0.7175 0.7425 0.67   0.6475 0.675  0.71  ]
 [0.7275 0.7075 0.7075 0.7225 0.7075 0.7275 0.665  0.6725 0.6975 0.6775]
 [0.7025 0.68   0.7    0.7125 0.705  0.705  0.6825 0.665  0.6775 0.6825]
 [0.7025 0.6425 0.73   0.69   0.695  0.7125 0.62   0.66   0.695  0.68  ]
 [0.705  0.6875 0.705  0.725  0.68   0.7175 0.64   0.6925 0.695  0.6925]
 [0.71   0.66   0.6975 0.72   0.7025 0.7275 0.6775 0.725  0.6575 0.725 ]
 [0.75   0.6675 0.695  0.7425 0.7075 0.7    0.65   0.705  0.67   0.7025]
 [0.715  0.685  0.6775 0.735  0.6925 0.69   0.6825 0.6925 0.6875 0.695 ]
 [0.715  0.68   0.7075 0.725  0.7    0.685  0.66   0.7075 0.695  0.685 ]
 [0.7275 0.6975 0.71   0.715  0.7025 0.7125 0.655  0.67   0.71   0.665 ]]