[1, 3, 5, 7, 9, 11, 13, 15, 17, 19, 21, 23, 25, 27, 29, 31, 33, 35, 37, 39]

[[1.         1.         1.         1.         1.         1.
  1.         1.         1.         1.        ]
 [0.86741714 0.8630394  0.8630394  0.86804253 0.85178236 0.86116323
  0.86178862 0.85803627 0.85490932 0.86366479]
 [0.83989994 0.84803002 0.83364603 0.84865541 0.83802376 0.84490306
  0.83614759 0.84177611 0.83427142 0.83739837]
 [0.82489056 0.83364603 0.81676048 0.82551595 0.83114447 0.82301438
  0.81863665 0.82926829 0.82113821 0.82238899]
 [0.80737961 0.81738587 0.80925578 0.8148843  0.81300813 0.81676048
  0.81113196 0.81863665 0.8148843  0.81425891]
 [0.78486554 0.81300813 0.80425266 0.80863039 0.80237649 0.81238274
  0.80487805 0.81050657 0.79737336 0.80175109]
 [0.78298937 0.80425266 0.78924328 0.79299562 0.79299562 0.80237649
  0.80237649 0.79799875 0.79549719 0.79674797]
 [0.77611007 0.79737336 0.78236398 0.7879925  0.79362101 0.79111945
  0.79362101 0.79049406 0.7879925  0.78486554]
 [0.77235772 0.79049406 0.77798624 0.77923702 0.78861789 0.78298937
  0.7879925  0.78298937 0.77235772 0.7804878 ]
 [0.77048155 0.7879925  0.77861163 0.77110694 0.77736085 0.78361476
  0.78924328 0.78298937 0.76923077 0.77673546]
 [0.76485303 0.78424015 0.76985616 0.76985616 0.77360851 0.77360851
  0.78236398 0.77798624 0.7742339  0.77048155]
 [0.7673546  0.78173859 0.76360225 0.76235147 0.77110694 0.77235772
  0.77360851 0.77485929 0.76610381 0.76360225]
 [0.76610381 0.78173859 0.7604753  0.7604753  0.77173233 0.7742339
  0.77048155 0.77360851 0.76360225 0.75797373]
 [0.75859912 0.77986241 0.7604753  0.75859912 0.7673546  0.77173233
  0.76672921 0.77173233 0.75797373 0.75734834]
 [0.7604753  0.76985616 0.75672295 0.75734834 0.76110069 0.76422764
  0.76610381 0.76610381 0.74421513 0.75609756]
 [0.75109443 0.77235772 0.74921826 0.74859287 0.75797373 0.7604753
  0.76110069 0.76297686 0.7467167  0.75734834]
 [0.74796748 0.76860538 0.74546592 0.74921826 0.75797373 0.75984991
  0.753596   0.75984991 0.74796748 0.75109443]
 [0.74171357 0.76360225 0.73858662 0.75171982 0.75922452 0.75422139
  0.75672295 0.76110069 0.7467167  0.75547217]
 [0.74296435 0.76360225 0.73796123 0.74796748 0.75171982 0.753596
  0.75484678 0.75046904 0.74108818 0.753596  ]
 [0.73796123 0.75797373 0.73858662 0.74296435 0.74734209 0.75046904
  0.75171982 0.75109443 0.73545966 0.74609131]]

[[0.7725 0.765  0.7425 0.8025 0.76   0.78   0.7675 0.7575 0.7875 0.735 ]
 [0.775  0.7575 0.765  0.7675 0.7575 0.75   0.76   0.7775 0.7575 0.755 ]
 [0.7775 0.77   0.755  0.805  0.775  0.76   0.76   0.755  0.78   0.78  ]
 [0.78   0.775  0.775  0.8    0.76   0.7475 0.77   0.765  0.76   0.7725]
 [0.7775 0.7725 0.7775 0.7975 0.7675 0.7475 0.7625 0.765  0.775  0.77  ]
 [0.7825 0.765  0.76   0.7875 0.755  0.7575 0.7525 0.7575 0.775  0.77  ]
 [0.78   0.7675 0.76   0.78   0.745  0.76   0.74   0.7575 0.775  0.7625]
 [0.785  0.775  0.765  0.7875 0.755  0.755  0.745  0.755  0.7725 0.7525]
 [0.7975 0.7575 0.7625 0.785  0.74   0.7625 0.76   0.75   0.77   0.75  ]
 [0.7825 0.765  0.765  0.775  0.7325 0.7475 0.765  0.74   0.77   0.7525]
 [0.78   0.745  0.7675 0.78   0.7325 0.7525 0.755  0.7425 0.77   0.7525]
 [0.775  0.76   0.77   0.765  0.725  0.7475 0.7475 0.735  0.77   0.745 ]
 [0.7675 0.755  0.765  0.7575 0.7125 0.7475 0.7325 0.7325 0.765  0.7475]
 [0.775  0.7575 0.755  0.7575 0.72   0.7375 0.73   0.7225 0.7675 0.7475]
 [0.7775 0.75   0.755  0.76   0.72   0.7375 0.725  0.725  0.765  0.7575]
 [0.78   0.7425 0.7425 0.7575 0.72   0.7375 0.7275 0.7225 0.76   0.7525]
 [0.78   0.7325 0.75   0.7525 0.72   0.7375 0.73   0.7225 0.76   0.75  ]
 [0.7675 0.7225 0.7425 0.755  0.735  0.735  0.7275 0.7025 0.755  0.7575]
 [0.7575 0.72   0.75   0.745  0.7325 0.73   0.735  0.705  0.7525 0.7525]
 [0.77   0.72   0.7525 0.7475 0.7375 0.725  0.745  0.7025 0.7525 0.7525]]