[0.01       0.03020408 0.05040816 0.07061224 0.09081633 0.11102041
 0.13122449 0.15142857 0.17163265 0.19183673 0.21204082 0.2322449
 0.25244898 0.27265306 0.29285714 0.31306122 0.33326531 0.35346939
 0.37367347 0.39387755 0.41408163 0.43428571 0.4544898  0.47469388
 0.49489796 0.51510204 0.53530612 0.5555102  0.57571429 0.59591837
 0.61612245 0.63632653 0.65653061 0.67673469 0.69693878 0.71714286
 0.73734694 0.75755102 0.7777551  0.79795918 0.81816327 0.83836735
 0.85857143 0.87877551 0.89897959 0.91918367 0.93938776 0.95959184
 0.97979592 1.        ]

[[0.12070044 0.11382114 0.10881801 0.11882427 0.19762351 0.10881801
  0.11694809 0.11257036 0.11319575 0.11382114]
 [0.55159475 0.62539087 0.53345841 0.56722952 0.5753596  0.5822389
  0.57285804 0.59287054 0.48968105 0.59036898]
 [0.67667292 0.71669794 0.69418386 0.68417761 0.68730457 0.70981864
  0.69480926 0.69981238 0.67354597 0.68167605]
 [0.70919325 0.72732958 0.7191995  0.70606629 0.71106942 0.71357098
  0.71982489 0.72170106 0.70919325 0.71794872]
 [0.72732958 0.74233896 0.73608505 0.72795497 0.73545966 0.7329581
  0.73796123 0.73858662 0.73045654 0.73358349]
 [0.74046279 0.75234522 0.74921826 0.73858662 0.74984365 0.74546592
  0.753596   0.75171982 0.74171357 0.75171982]
 [0.75422139 0.76610381 0.75797373 0.7467167  0.75484678 0.75984991
  0.76360225 0.76360225 0.75234522 0.75984991]
 [0.76860538 0.77736085 0.77173233 0.75984991 0.76485303 0.77048155
  0.7742339  0.76985616 0.76172608 0.77298311]
 [0.77673546 0.79049406 0.77798624 0.77298311 0.77798624 0.78424015
  0.78549093 0.77861163 0.77485929 0.78236398]
 [0.78611632 0.79612258 0.78986867 0.78173859 0.78674171 0.79111945
  0.79487179 0.78986867 0.77986241 0.79111945]
 [0.79487179 0.80487805 0.80050031 0.7942464  0.79237023 0.79987492
  0.79862414 0.79799875 0.79111945 0.79862414]
 [0.79924953 0.81050657 0.80675422 0.79987492 0.79987492 0.80863039
  0.808005   0.80362727 0.79924953 0.80300188]
 [0.80737961 0.81613508 0.81300813 0.80988118 0.80925578 0.81238274
  0.81300813 0.80988118 0.80425266 0.81113196]
 [0.81175735 0.8217636  0.8217636  0.81425891 0.8148843  0.82238899
  0.81676048 0.81613508 0.81238274 0.81425891]
 [0.81613508 0.82676673 0.82363977 0.81988743 0.82363977 0.82676673
  0.82238899 0.81988743 0.81676048 0.81738587]
 [0.82051282 0.83051907 0.8286429  0.82489056 0.82926829 0.83114447
  0.82801751 0.82363977 0.8217636  0.82489056]
 [0.82676673 0.83427142 0.83114447 0.82739212 0.83364603 0.83427142
  0.83176986 0.82801751 0.82489056 0.82676673]
 [0.82989368 0.83802376 0.83677298 0.82926829 0.83677298 0.83739837
  0.83677298 0.83364603 0.83114447 0.83051907]
 [0.83802376 0.84052533 0.84365228 0.8355222  0.83927455 0.83927455
  0.83864916 0.83739837 0.83927455 0.83677298]
 [0.83989994 0.84365228 0.84490306 0.84052533 0.84552846 0.84365228
  0.84052533 0.83989994 0.84177611 0.84177611]
 [0.84052533 0.84803002 0.84865541 0.84365228 0.85053158 0.84490306
  0.84552846 0.84427767 0.84552846 0.84302689]
 [0.8424015  0.85115697 0.85115697 0.84552846 0.85178236 0.84740463
  0.84740463 0.84865541 0.85053158 0.84677924]
 [0.84490306 0.85553471 0.85240775 0.85178236 0.85303315 0.85053158
  0.85178236 0.85178236 0.85303315 0.8492808 ]
 [0.84490306 0.85928705 0.85240775 0.85490932 0.85553471 0.85365854
  0.8561601  0.85428393 0.85490932 0.85240775]
 [0.84677924 0.86241401 0.85553471 0.85678549 0.85741088 0.85803627
  0.85866166 0.85741088 0.85991245 0.85678549]
 [0.8492808  0.86554096 0.85991245 0.86116323 0.86053784 0.86241401
  0.85928705 0.86053784 0.8630394  0.85928705]
 [0.85240775 0.86679174 0.86366479 0.86366479 0.86554096 0.86804253
  0.86241401 0.86241401 0.86554096 0.86366479]
 [0.86053784 0.86929331 0.86741714 0.86741714 0.8699187  0.87242026
  0.86429018 0.86554096 0.87054409 0.86554096]
 [0.86429018 0.87429644 0.8699187  0.86866792 0.87116948 0.87554722
  0.86616635 0.86929331 0.87367104 0.86679174]
 [0.86616635 0.87742339 0.87242026 0.87179487 0.87367104 0.88055034
  0.86929331 0.87304565 0.87617261 0.8699187 ]
 [0.86929331 0.87742339 0.87554722 0.87554722 0.87554722 0.88180113
  0.87367104 0.87367104 0.87929956 0.87054409]
 [0.87367104 0.87992495 0.87929956 0.88055034 0.87929956 0.88305191
  0.87554722 0.87742339 0.88492808 0.87554722]
 [0.876798   0.88180113 0.88117573 0.88180113 0.87992495 0.88555347
  0.87867417 0.87867417 0.88617886 0.87804878]
 [0.87867417 0.88430269 0.88555347 0.88492808 0.88180113 0.88805503
  0.88117573 0.88117573 0.88742964 0.87929956]
 [0.88117573 0.88680425 0.88555347 0.88742964 0.88492808 0.88868043
  0.88430269 0.88242652 0.88868043 0.88117573]
 [0.88242652 0.88930582 0.88930582 0.88868043 0.88555347 0.89118199
  0.88930582 0.88555347 0.89118199 0.88305191]
 [0.88492808 0.8905566  0.89430894 0.89180738 0.88680425 0.89305816
  0.88993121 0.88805503 0.89305816 0.88492808]
 [0.88680425 0.89243277 0.89555972 0.89305816 0.88742964 0.89493433
  0.89368355 0.8905566  0.89243277 0.88742964]
 [0.88930582 0.89368355 0.89618512 0.89368355 0.89118199 0.89681051
  0.89555972 0.89118199 0.89430894 0.88805503]
 [0.88993121 0.89430894 0.89931207 0.89555972 0.8905566  0.89681051
  0.8974359  0.89180738 0.89493433 0.88993121]
 [0.8905566  0.89555972 0.90118824 0.89993746 0.89243277 0.89681051
  0.89868668 0.89430894 0.89555972 0.89180738]
 [0.89368355 0.89555972 0.90243902 0.90181363 0.89368355 0.89868668
  0.90056285 0.89555972 0.8974359  0.89368355]
 [0.89430894 0.8974359  0.9043152  0.90243902 0.89493433 0.90056285
  0.90056285 0.89618512 0.89868668 0.89555972]
 [0.89555972 0.89806129 0.90494059 0.9043152  0.89618512 0.90243902
  0.90118824 0.89868668 0.89993746 0.89555972]
 [0.8974359  0.89806129 0.90556598 0.90744215 0.89806129 0.90306442
  0.90243902 0.89993746 0.90056285 0.89618512]
 [0.89868668 0.89931207 0.90681676 0.90869293 0.89993746 0.90306442
  0.90368981 0.90368981 0.90243902 0.89806129]
 [0.89993746 0.90056285 0.90681676 0.9111945  0.90243902 0.90368981
  0.90494059 0.90368981 0.90494059 0.89993746]
 [0.89993746 0.90181363 0.90806754 0.91181989 0.90243902 0.90806754
  0.90556598 0.9043152  0.90619137 0.90181363]
 [0.90368981 0.90181363 0.90931832 0.91307067 0.90368981 0.90869293
  0.90619137 0.90619137 0.90806754 0.90306442]
 [0.90494059 0.9043152  0.90931832 0.91369606 0.90619137 0.90994371
  0.90931832 0.90681676 0.90806754 0.90556598]]

[[0.0925 0.105  0.085  0.085  0.1825 0.1075 0.0975 0.0925 0.065  0.0875]
 [0.5225 0.5725 0.5175 0.56   0.52   0.5675 0.52   0.505  0.45   0.5675]
 [0.6525 0.655  0.6875 0.7025 0.675  0.675  0.65   0.6275 0.6625 0.6825]
 [0.69   0.67   0.6825 0.7225 0.705  0.6975 0.66   0.67   0.69   0.69  ]
 [0.7025 0.6925 0.695  0.745  0.7175 0.7175 0.6625 0.6825 0.7125 0.705 ]
 [0.7125 0.715  0.71   0.7475 0.7225 0.7225 0.6725 0.6925 0.7225 0.7275]
 [0.7125 0.7225 0.72   0.755  0.725  0.72   0.685  0.695  0.7325 0.735 ]
 [0.735  0.73   0.7325 0.77   0.7325 0.725  0.6875 0.7075 0.7425 0.74  ]
 [0.7425 0.73   0.7325 0.78   0.74   0.74   0.705  0.7175 0.7575 0.74  ]
 [0.75   0.73   0.745  0.7775 0.7475 0.745  0.72   0.7275 0.7725 0.7525]
 [0.7575 0.735  0.7475 0.78   0.7575 0.7525 0.7325 0.735  0.7775 0.75  ]
 [0.755  0.7375 0.7575 0.7875 0.765  0.7575 0.7325 0.735  0.7825 0.755 ]
 [0.76   0.7425 0.76   0.79   0.77   0.7575 0.74   0.745  0.785  0.76  ]
 [0.7625 0.745  0.7675 0.7925 0.7775 0.765  0.7575 0.7475 0.79   0.775 ]
 [0.7625 0.7475 0.77   0.7925 0.7775 0.765  0.76   0.7475 0.79   0.7825]
 [0.77   0.7525 0.77   0.795  0.785  0.7675 0.76   0.75   0.79   0.7825]
 [0.775  0.755  0.7775 0.8    0.79   0.765  0.7575 0.755  0.7925 0.785 ]
 [0.785  0.7575 0.78   0.8    0.7875 0.77   0.7625 0.755  0.7925 0.7875]
 [0.785  0.7625 0.7775 0.8    0.79   0.7725 0.7675 0.76   0.79   0.79  ]
 [0.7875 0.765  0.7775 0.805  0.79   0.7725 0.77   0.765  0.7875 0.79  ]
 [0.7875 0.765  0.785  0.8075 0.7925 0.7775 0.7675 0.7625 0.7925 0.79  ]
 [0.79   0.7675 0.7875 0.81   0.795  0.78   0.77   0.76   0.795  0.79  ]
 [0.79   0.77   0.7925 0.8125 0.7975 0.78   0.77   0.76   0.7925 0.7875]
 [0.79   0.77   0.795  0.8175 0.795  0.7825 0.77   0.76   0.8    0.79  ]
 [0.7925 0.77   0.7975 0.82   0.795  0.7825 0.77   0.7625 0.8025 0.79  ]
 [0.7975 0.7725 0.8    0.8225 0.7975 0.7825 0.775  0.765  0.8025 0.7925]
 [0.8025 0.775  0.8    0.825  0.7975 0.79   0.775  0.7725 0.8    0.795 ]
 [0.8    0.7775 0.8025 0.83   0.7975 0.79   0.775  0.775  0.8025 0.7975]
 [0.8    0.78   0.8    0.83   0.8    0.7875 0.7725 0.775  0.8025 0.7975]
 [0.8    0.7825 0.805  0.8275 0.8025 0.7875 0.7775 0.7775 0.8025 0.7975]
 [0.7975 0.785  0.8075 0.8275 0.805  0.7875 0.7775 0.78   0.8025 0.7975]
 [0.7975 0.78   0.8075 0.83   0.805  0.79   0.7775 0.78   0.8025 0.8   ]
 [0.8025 0.78   0.8125 0.8325 0.805  0.7875 0.7775 0.7775 0.8025 0.8   ]
 [0.8025 0.78   0.81   0.8325 0.8075 0.79   0.7825 0.7775 0.8    0.8   ]
 [0.8025 0.78   0.81   0.8325 0.8075 0.7925 0.7825 0.775  0.8025 0.8   ]
 [0.8025 0.7775 0.8075 0.8325 0.8075 0.7925 0.7825 0.775  0.8025 0.8025]
 [0.8025 0.78   0.8075 0.8325 0.8075 0.7925 0.7825 0.775  0.8025 0.8025]
 [0.8025 0.7825 0.8075 0.83   0.8075 0.795  0.7825 0.78   0.8025 0.8075]
 [0.8025 0.7825 0.8075 0.83   0.8075 0.795  0.7825 0.7825 0.8025 0.805 ]
 [0.8025 0.785  0.8075 0.83   0.8075 0.795  0.785  0.7825 0.805  0.805 ]
 [0.8025 0.7825 0.81   0.83   0.8125 0.795  0.785  0.7825 0.805  0.805 ]
 [0.805  0.785  0.81   0.83   0.815  0.7975 0.7875 0.7825 0.805  0.8075]
 [0.81   0.7875 0.81   0.8275 0.8175 0.8    0.785  0.7825 0.805  0.81  ]
 [0.8125 0.7875 0.81   0.8275 0.8175 0.8025 0.785  0.7825 0.81   0.8125]
 [0.815  0.7925 0.8125 0.8275 0.815  0.8025 0.785  0.78   0.81   0.815 ]
 [0.8175 0.7925 0.815  0.825  0.8175 0.805  0.785  0.785  0.81   0.815 ]
 [0.8175 0.7975 0.815  0.8225 0.8175 0.8025 0.785  0.785  0.81   0.815 ]
 [0.8175 0.7975 0.815  0.8225 0.8175 0.805  0.785  0.785  0.81   0.815 ]
 [0.82   0.7975 0.815  0.8225 0.8175 0.81   0.785  0.7875 0.81   0.815 ]
 [0.82   0.8    0.815  0.8225 0.8175 0.81   0.785  0.79   0.8125 0.8175]]