/Users/huixia/PycharmProjects/api_av/venv/bin/python /Users/huixia/Documents/ML_2019Fall/HW_1/DT_HW1.py
DT difference: 32.4863080978
[[0.2        0.2        0.2        0.26666667 0.2        0.33333333
  0.33333333 0.26666667 0.2        0.2       ]
 [0.34567901 0.2962963  0.37037037 0.37037037 0.39506173 0.37037037
  0.28395062 0.34567901 0.38271605 0.34567901]
 [0.53741497 0.53061224 0.40136054 0.43537415 0.36054422 0.4829932
  0.44217687 0.42176871 0.42176871 0.39455782]
 [0.6056338  0.63380282 0.64319249 0.56807512 0.61032864 0.63849765
  0.60093897 0.61971831 0.58685446 0.66197183]
 [0.71326165 0.65232975 0.68100358 0.66666667 0.69175627 0.71326165
  0.74193548 0.74551971 0.66308244 0.70967742]
 [0.73043478 0.71014493 0.74492754 0.70144928 0.72173913 0.75362319
  0.75072464 0.74492754 0.68985507 0.70434783]
 [0.73722628 0.72749392 0.72749392 0.71289538 0.72992701 0.756691
  0.73965937 0.76155718 0.71532847 0.70316302]
 [0.71278826 0.73584906 0.73794549 0.72746331 0.73375262 0.76100629
  0.73375262 0.75681342 0.75471698 0.72327044]
 [0.71823204 0.72559853 0.74953959 0.72007366 0.73480663 0.74585635
  0.72559853 0.74401473 0.74953959 0.72559853]
 [0.72413793 0.72577997 0.74712644 0.72577997 0.73399015 0.74220033
  0.75041051 0.73399015 0.74055829 0.75205255]
 [0.74074074 0.76740741 0.72888889 0.7437037  0.74666667 0.73777778
  0.7362963  0.75111111 0.75111111 0.75111111]
 [0.74358974 0.7705803  0.72064777 0.74493927 0.73954116 0.73954116
  0.74763833 0.74224022 0.76383266 0.75573549]
 [0.73358116 0.755886   0.72490706 0.73729864 0.74349442 0.74969021
  0.7472119  0.74101611 0.74101611 0.76084263]
 [0.75601375 0.77090493 0.74226804 0.75372279 0.73768614 0.76861397
  0.74684994 0.73654066 0.76059565 0.76403207]
 [0.76783813 0.78168264 0.75399361 0.74547391 0.74121406 0.77103301
  0.7571885  0.74121406 0.74653887 0.76783813]
 [0.76517413 0.78507463 0.76915423 0.75621891 0.73233831 0.78208955
  0.76218905 0.74427861 0.76119403 0.77014925]
 [0.75910364 0.78524743 0.75536881 0.76097106 0.74883287 0.77030812
  0.76844071 0.75816993 0.75163399 0.76844071]
 [0.76165347 0.77924362 0.75637643 0.74934037 0.764292   0.76693052
  0.77484609 0.764292   0.76693052 0.78100264]
 [0.77722361 0.78304239 0.76392352 0.77057357 0.77057357 0.77472984
  0.77389859 0.77472984 0.76142976 0.7847049 ]
 [0.75334909 0.78171789 0.76753349 0.77383767 0.77541371 0.7785658
  0.76359338 0.74310481 0.76753349 0.785658  ]
 [0.76779026 0.79101124 0.75505618 0.79101124 0.78501873 0.7835206
  0.77827715 0.75730337 0.76479401 0.78501873]
 [0.76588151 0.7723055  0.76659529 0.75874375 0.78015703 0.78515346
  0.76802284 0.75517488 0.77087794 0.77730193]
 [0.76959782 0.7791411  0.77027948 0.77709611 0.78118609 0.78254942
  0.76959782 0.75800954 0.77845944 0.77641445]
 [0.77429876 0.77951729 0.76712329 0.77886497 0.7801696  0.79582518
  0.77299413 0.76908023 0.76973255 0.7801696 ]
 [0.77298311 0.77485929 0.76985616 0.77923702 0.78674171 0.7879925
  0.77736085 0.76610381 0.76235147 0.78424015]] <type 'numpy.ndarray'>
DT 2 difference: 74.0329680443
[1, 3, 5, 7, 9, 11, 13, 15, 17, 19, 21, 23, 25, 27, 29, 31, 33, 35, 37, 39, 41, 43, 45, 47, 49]
DT 3 difference: 65.4026119709
BoostDT1 difference: 176.194098949
BoostDT2 difference: 400.614707947
BoostDT3 difference: 3906.40731311
BoostDT4 difference: 389.033159018
/Users/huixia/PycharmProjects/api_av/venv/lib/python2.7/site-packages/sklearn/neural_network/multilayer_perceptron.py:562: ConvergenceWarning: Stochastic Optimizer: Maximum iterations (500) reached and the optimization hasn't converged yet.
  % self.max_iter, ConvergenceWarning)
ANN difference: 563.95865202
[(1,), (6,), (11,), (16,), (21,), (26,), (31,), (36,), (41,), (46,), (51,), (56,), (61,), (66,), (71,), (76,), (81,), (86,), (91,), (96,), (101,), (106,), (111,), (116,)]
/Users/huixia/PycharmProjects/api_av/venv/lib/python2.7/site-packages/sklearn/neural_network/multilayer_perceptron.py:562: ConvergenceWarning: Stochastic Optimizer: Maximum iterations (200) reached and the optimization hasn't converged yet.
  % self.max_iter, ConvergenceWarning)
ANN2 difference: 697.176114082
ANN3 difference: 448.825062037
KNN difference: 315.814157963
[1, 3, 5, 7, 9, 11, 13, 15, 17, 19, 21, 23, 25, 27, 29, 31, 33, 35, 37, 39, 41, 43, 45, 47, 49]
KNN 2 difference: 784.536431074
['auto', 'ball_tree', 'kd_tree', 'brute']
KNN 3 difference: 89.8541209698
[0.01    0.05125 0.0925  0.13375 0.175   0.21625 0.2575  0.29875 0.34
 0.38125 0.4225  0.46375 0.505   0.54625 0.5875  0.62875 0.67    0.71125
 0.7525  0.79375 0.835   0.87625 0.9175  0.95875 1.     ]
/Users/huixia/PycharmProjects/api_av/venv/lib/python2.7/site-packages/sklearn/svm/base.py:196: FutureWarning: The default value of gamma will change from 'auto' to 'scale' in version 0.22 to account better for unscaled features. Set gamma explicitly to 'auto' or 'scale' to avoid this warning.
  "avoid this warning.", FutureWarning)
SVM difference: 62.1433179379
SVM 3 difference: 95.716258049
[ 0.01     0.42625  0.8425   1.25875  1.675    2.09125  2.5075   2.92375
  3.34     3.75625  4.1725   4.58875  5.005    5.42125  5.8375   6.25375
  6.67     7.08625  7.5025   7.91875  8.335    8.75125  9.1675   9.58375
 10.     ]
SVM 2 difference: 710.348611832
/Users/huixia/Documents/ML_2019Fall/HW_1/DT_HW1.py:805: VisibleDeprecationWarning: Reading unicode strings without specifying the encoding argument is deprecated. Set the encoding, use None for the system default.
  set2 = np.genfromtxt('Epileptic_Seizure_Recognition.csv', delimiter=',', dtype=None)[1:6001, :]
/Users/huixia/PycharmProjects/api_av/venv/lib/python2.7/site-packages/sklearn/utils/validation.py:595: DataConversionWarning: Data with input dtype int64 was converted to float64 by StandardScaler.
  warnings.warn(msg, DataConversionWarning)
DT difference: 37.995372057
[[0.34210526 0.26315789 0.34210526 0.26315789 0.23684211 0.28947368
  0.34210526 0.31578947 0.26315789 0.26315789]
 [0.52040816 0.48469388 0.45408163 0.5        0.51020408 0.49489796
  0.51020408 0.50510204 0.48979592 0.5       ]
 [0.53802817 0.55492958 0.50422535 0.50704225 0.51549296 0.54366197
  0.54084507 0.54084507 0.49577465 0.52394366]
 [0.5380117  0.57309942 0.52436647 0.51851852 0.55750487 0.55750487
  0.52631579 0.52436647 0.53021442 0.55165692]
 [0.55208333 0.55357143 0.54464286 0.51934524 0.57291667 0.54761905
  0.56845238 0.5625     0.55357143 0.54613095]
 [0.57108434 0.57831325 0.55301205 0.57831325 0.54819277 0.54578313
  0.55783133 0.57228916 0.55903614 0.56024096]
 [0.57692308 0.57894737 0.56072874 0.57692308 0.56376518 0.58097166
  0.56882591 0.56983806 0.5597166  0.57388664]
 [0.58238884 0.5858762  0.57890148 0.56059285 0.58064516 0.59808195
  0.58413252 0.56233653 0.5483871  0.57628596]
 [0.60536398 0.56091954 0.58390805 0.57931034 0.58007663 0.5908046
  0.57394636 0.56781609 0.56628352 0.58697318]
 [0.58060109 0.58265027 0.59699454 0.58333333 0.56693989 0.59972678
  0.58060109 0.59699454 0.57035519 0.58469945]
 [0.60480888 0.58076449 0.57090012 0.57274969 0.59802713 0.58877928
  0.59432799 0.58446363 0.57644883 0.58138101]
 [0.58539326 0.58483146 0.58595506 0.58314607 0.58258427 0.57977528
  0.5752809  0.58651685 0.56292135 0.58483146]
 [0.59669933 0.59412068 0.585869   0.58844765 0.58741619 0.60340382
  0.59463641 0.57555441 0.57813306 0.58122744]
 [0.59370529 0.59561278 0.58893658 0.58893658 0.59179781 0.60658083
  0.59608965 0.58082976 0.57749165 0.57939914]
 [0.59973404 0.59086879 0.59397163 0.57890071 0.59973404 0.59574468
  0.59219858 0.59264184 0.58820922 0.59131206]
 [0.59776305 0.5923778  0.5940348  0.58740679 0.59444905 0.5923778
  0.58450704 0.6023198  0.59279205 0.58740679]
 [0.5940902  0.59836703 0.59836703 0.59059098 0.58942457 0.60303266
  0.59720062 0.60069984 0.58087092 0.58981337]
 [0.59575247 0.61699011 0.59355547 0.59685097 0.59685097 0.61625778
  0.58989381 0.58989381 0.59611864 0.58916148]
 [0.60055382 0.59847698 0.59813084 0.59882312 0.59570786 0.60470751
  0.59743856 0.59397715 0.58566978 0.59051575]
 [0.60170604 0.59514436 0.60793963 0.58891076 0.58825459 0.60334646
  0.59186352 0.59809711 0.59350394 0.59055118]
 [0.59482221 0.59731753 0.59388646 0.59014348 0.5904554  0.60667498
  0.60230817 0.59762944 0.57922645 0.60542732]
 [0.60225922 0.60047562 0.59958383 0.59661118 0.60731272 0.60434007
  0.61117717 0.60344828 0.59690844 0.60434007]
 [0.60857224 0.6060176  0.59494749 0.59920522 0.58813511 0.61197843
  0.60204371 0.60204371 0.58387738 0.59523134]
 [0.60717196 0.59929367 0.60201032 0.59793534 0.59141538 0.60527031
  0.60717196 0.60282532 0.60336865 0.60771529]
 [0.61510417 0.60260417 0.61119792 0.58515625 0.59609375 0.61067708
  0.59791667 0.59895833 0.6015625  0.59765625]] <type 'numpy.ndarray'>
DT 2 difference: 90.0455272198
[1, 3, 5, 7, 9, 11, 13, 15, 17, 19, 21, 23, 25, 27, 29, 31, 33, 35, 37, 39, 41, 43, 45, 47, 49]
DT 3 difference: 69.3440060616
BoostDT1 difference: 163.715759039
BoostDT2 difference: 357.025058985
BoostDT3 difference: 3210.54366207
BoostDT4 difference: 398.510751009
ANN difference: 683.25979495
[(1,), (6,), (11,), (16,), (21,), (26,), (31,), (36,), (41,), (46,), (51,), (56,), (61,), (66,), (71,), (76,), (81,), (86,), (91,), (96,), (101,), (106,), (111,), (116,)]
ANN2 difference: 966.13481617
ANN3 difference: 561.798947096
KNN difference: 432.849488974
[1, 3, 5, 7, 9, 11, 13, 15, 17, 19, 21, 23, 25, 27, 29, 31, 33, 35, 37, 39, 41, 43, 45, 47, 49]
KNN 2 difference: 1125.38011193
['auto', 'ball_tree', 'kd_tree', 'brute']
KNN 3 difference: 132.594256878
[0.01    0.05125 0.0925  0.13375 0.175   0.21625 0.2575  0.29875 0.34
 0.38125 0.4225  0.46375 0.505   0.54625 0.5875  0.62875 0.67    0.71125
 0.7525  0.79375 0.835   0.87625 0.9175  0.95875 1.     ]
SVM difference: 118.77322197
[ 0.01     0.42625  0.8425   1.25875  1.675    2.09125  2.5075   2.92375
  3.34     3.75625  4.1725   4.58875  5.005    5.42125  5.8375   6.25375
  6.67     7.08625  7.5025   7.91875  8.335    8.75125  9.1675   9.58375
 10.     ]
SVM 2 difference: 1372.43299603
SVM 3 difference: 287.185211182

Process finished with exit code 0
