seizure_5/ann_learning_curve_epoch_pre

[0, 1, 2, 3, 4, 5, 6, 7, 8, 9, 10, 11, 12, 13, 14, 15, 16, 17, 18, 19, 20, 21, 22, 23, 24]

[0.34661458 0.34950521 0.35130208 0.35567708 0.35713542 0.35734375
 0.35742188 0.35552083 0.35578125 0.35549479 0.35549479 0.35729167
 0.35973958 0.36242188 0.36289063 0.36317708 0.363125   0.36309896
 0.36278646 0.36361979 0.36401042 0.36401042 0.36419271 0.36479167
 0.36591146]

[0.3453125  0.3465625  0.34947917 0.3525     0.35364583 0.35166667
 0.34979167 0.34927083 0.3459375  0.34666667 0.34791667 0.34885417
 0.34989583 0.35416667 0.35604167 0.35666667 0.3553125  0.3565625
 0.35354167 0.35479167 0.35645833 0.35604167 0.35666667 0.35572917
 0.35385417]