seizure_5/ann_learning_curve_size_post

[  38  196  355  513  672  830  988 1147 1305 1464 1622 1780 1939 2097
 2256 2414 2572 2731 2889 3048 3206 3364 3523 3681 3840]

[0.99736842 0.92193878 0.86225352 0.82124756 0.78928571 0.72927711
 0.7611336  0.75945946 0.74015326 0.72151639 0.66535142 0.70719101
 0.70484786 0.69623271 0.68187057 0.63429992 0.68184292 0.67403881
 0.66787816 0.65288714 0.59591391 0.65790725 0.6565711  0.65156208
 0.64492187]

[0.25614583 0.3975     0.4575     0.4840625  0.50802083 0.50729167
 0.51104167 0.52604167 0.53395833 0.54177083 0.53104167 0.541875
 0.54489583 0.544375   0.54822917 0.53739583 0.55302083 0.55604167
 0.55166667 0.55625    0.53604167 0.55947917 0.56177083 0.5625
 0.56052083]