seizure_5/boost_dt_vld_curve_1

[1, 9, 17, 25, 33, 41, 49, 57, 65, 73, 81, 89, 97, 105, 113, 121, 129, 137, 145, 153, 161, 169, 177, 185, 193]

[1.         0.95106771 0.72486979 0.61026042 0.55796875 0.53877604
 0.53265625 0.5271875  0.53049479 0.5278125  0.52567708 0.52520833
 0.51880208 0.52695313 0.52533854 0.51888021 0.51567708 0.51736979
 0.51401042 0.51617187 0.51703125 0.50682292 0.50273437 0.50372396
 0.500625  ]

[0.42354167 0.43072917 0.424375   0.411875   0.39635417 0.41375
 0.4109375  0.41770833 0.42177083 0.42520833 0.42916667 0.43270833
 0.43239583 0.44083333 0.4446875  0.43364583 0.43916667 0.43927083
 0.44083333 0.44020833 0.431875   0.4315625  0.4378125  0.4346875
 0.4415625 ]