seizure_5/BoostDT4

[0.01    0.05125 0.0925  0.13375 0.175   0.21625 0.2575  0.29875 0.34
 0.38125 0.4225  0.46375 0.505   0.54625 0.5875  0.62875 0.67    0.71125
 0.7525  0.79375 0.835   0.87625 0.9175  0.95875 1.     ]

[0.76382812 0.80447917 0.80325521 0.78830729 0.76783854 0.74695312
 0.73544271 0.71984375 0.70541667 0.69770833 0.68338542 0.67598958
 0.67059896 0.66278646 0.65697917 0.65450521 0.64807292 0.64106771
 0.63958333 0.63151042 0.62932292 0.62432292 0.62434896 0.61635417
 0.61289062]

[0.49479167 0.51114583 0.49041667 0.483125   0.470625   0.46354167
 0.46072917 0.45385417 0.43916667 0.44354167 0.44010417 0.43125
 0.43104167 0.42770833 0.4275     0.4284375  0.42479167 0.42479167
 0.42302083 0.4178125  0.41572917 0.41072917 0.41958333 0.41458333
 0.41760417]