seizure_5/boost_dt_learning_curve_epoch_post

[1, 5, 9, 13, 17, 21, 25, 29, 33, 37, 41, 45, 49, 53, 57, 61, 65, 69, 73, 77, 81, 85, 89, 93, 97]

[0.47671875 0.55148438 0.56453125 0.56820312 0.57119792 0.57914063
 0.57914063 0.58778646 0.5940625  0.59526042 0.59627604 0.60158854
 0.60455729 0.60885417 0.60942708 0.61351563 0.61552083 0.61783854
 0.62190104 0.62302083 0.62385417 0.62575521 0.62580729 0.62807292
 0.63091146]

[0.41427083 0.4609375  0.45635417 0.45895833 0.453125   0.44854167
 0.45052083 0.44916667 0.4553125  0.45770833 0.45520833 0.4584375
 0.46614583 0.45791667 0.460625   0.46333333 0.46083333 0.45604167
 0.45541667 0.46052083 0.45979167 0.46791667 0.46729167 0.4675
 0.469375  ]