seizure_5/boost_dt_learning_curve_size_pre

[  38  196  355  513  672  830  988 1147 1305 1464 1622 1780 1939 2097
 2256 2414 2572 2731 2889 3048 3206 3364 3523 3681 3840]

[0.29210526 0.49336735 0.50394366 0.52748538 0.54791667 0.56313253
 0.5667004  0.56137751 0.57854406 0.57889344 0.57903822 0.59033708
 0.58545642 0.59475441 0.59246454 0.59291632 0.60027216 0.60150128
 0.60636899 0.60862861 0.6047723  0.60665874 0.60749361 0.61521326
 0.60848958]

[0.19885417 0.28375    0.3125     0.34395833 0.35833333 0.35552083
 0.36927083 0.37083333 0.37427083 0.3775     0.379375   0.38166667
 0.39083333 0.4046875  0.40083333 0.4046875  0.40395833 0.40135417
 0.40958333 0.4140625  0.41104167 0.41239583 0.41625    0.418125
 0.41125   ]