seizure_5/DT_vlad_curve_1

[1, 9, 17, 25, 33, 41, 49, 57, 65, 73, 81, 89, 97, 105, 113, 121, 129, 137, 145, 153, 161, 169, 177, 185, 193]

[1.         0.73442708 0.64596354 0.60140625 0.57606771 0.560625
 0.54161458 0.53208333 0.51848958 0.51054687 0.50473958 0.49484375
 0.48666667 0.48421875 0.47671875 0.46955729 0.46473958 0.46091146
 0.45614583 0.45442708 0.44989583 0.44742188 0.44177083 0.43695312
 0.43755208]

[0.42114583 0.42885417 0.4396875  0.43458333 0.44135417 0.43520833
 0.43010417 0.43083333 0.41614583 0.42052083 0.41989583 0.41854167
 0.41885417 0.41958333 0.41427083 0.40875    0.4071875  0.4015625
 0.40760417 0.4        0.39625    0.39833333 0.39354167 0.391875
 0.3928125 ]