seizure_5/DT_vlad_curve_2

[1, 3, 5, 7, 9, 11, 13, 15, 17, 19, 21, 23, 25, 27, 29, 31, 33, 35, 37, 39, 41, 43, 45, 47, 49]

[0.265625   0.33458333 0.37236979 0.39851562 0.41111979 0.41851562
 0.42776042 0.43354167 0.43354167 0.43354167 0.43354167 0.43354167
 0.43354167 0.43354167 0.43354167 0.43354167 0.43354167 0.43354167
 0.43354167 0.43354167 0.43354167 0.43354167 0.43354167 0.43354167
 0.43354167]

[0.25645833 0.31333333 0.35604167 0.37822917 0.37864583 0.37833333
 0.37895833 0.37989583 0.37989583 0.37989583 0.37989583 0.37989583
 0.37989583 0.37989583 0.37989583 0.37989583 0.37989583 0.37989583
 0.37989583 0.37989583 0.37989583 0.37989583 0.37989583 0.37989583
 0.37989583]