seizure_5/knn_vld_curve_1

[1, 3, 5, 7, 9, 11, 13, 15, 17, 19, 21, 23, 25, 27, 29, 31, 33, 35, 37, 39, 41, 43, 45, 47, 49]

[1.         0.6728125  0.60666667 0.57565104 0.55432292 0.54005208
 0.53015625 0.51872396 0.51291667 0.505      0.49934896 0.49125
 0.48544271 0.48065104 0.47533854 0.47085938 0.46596354 0.4609375
 0.45835938 0.45265625 0.449375   0.44510417 0.44192708 0.43885417
 0.43611979]

[0.47291667 0.46072917 0.460625   0.45854167 0.45697917 0.4559375
 0.4565625  0.4484375  0.44791667 0.44260417 0.44385417 0.44177083
 0.43739583 0.43614583 0.4375     0.434375   0.4303125  0.42510417
 0.42333333 0.42114583 0.420625   0.418125   0.41552083 0.41270833
 0.40864583]