seizure_5/knn_learning_curve_size_post

[  38  196  355  513  672  830  988 1147 1305 1464 1622 1780 1939 2097
 2256 2414 2572 2731 2889 3048 3206 3364 3523 3681 3840]

[1. 1. 1. 1. 1. 1. 1. 1. 1. 1. 1. 1. 1. 1. 1. 1. 1. 1. 1. 1. 1. 1. 1. 1.
 1.]

[0.2853125  0.37052083 0.38416667 0.39947917 0.41208333 0.42145833
 0.4290625  0.43583333 0.44125    0.44677083 0.44677083 0.451875
 0.45510417 0.45645833 0.45583333 0.45854167 0.46125    0.46229167
 0.46458333 0.46927083 0.46697917 0.47052083 0.47072917 0.47270833
 0.47291667]