seizure_5/svm_vld_curve_1

[1.0000000e-02 4.1676250e+01 8.3342500e+01 1.2500875e+02 1.6667500e+02
 2.0834125e+02 2.5000750e+02 2.9167375e+02 3.3334000e+02 3.7500625e+02
 4.1667250e+02 4.5833875e+02 5.0000500e+02 5.4167125e+02 5.8333750e+02
 6.2500375e+02 6.6667000e+02 7.0833625e+02 7.5000250e+02 7.9166875e+02
 8.3333500e+02 8.7500125e+02 9.1666750e+02 9.5833375e+02 1.0000000e+03]

[0.32466146 0.56083333 0.5859375  0.59755208 0.60882812 0.61692708
 0.62458333 0.63174479 0.63708333 0.64328125 0.64757813 0.65210937
 0.65617187 0.66054687 0.66460938 0.66846354 0.6709375  0.67414062
 0.67625    0.67854167 0.68158854 0.68419271 0.68630208 0.68911458
 0.69104167]

[0.32020833 0.50364583 0.51625    0.52291667 0.52458333 0.5271875
 0.5303125  0.5346875  0.53697917 0.53677083 0.53895833 0.5396875
 0.54229167 0.54385417 0.5446875  0.54677083 0.5475     0.546875
 0.5484375  0.54791667 0.54864583 0.55041667 0.55177083 0.55166667
 0.55270833]