seizure_5/svm_learning_curve_size_post

[  38  196  355  513  672  830  988 1147 1305 1464 1622 1780 1939 2097
 2256 2414 2572 2731 2889 3048 3206 3364 3523 3681 3840]

[0.80526316 0.64591837 0.61126761 0.59434698 0.57827381 0.57662651
 0.57277328 0.57619878 0.57295019 0.57411202 0.57564735 0.57483146
 0.5694688  0.56809728 0.56786348 0.56835128 0.56699067 0.56704504
 0.5662513  0.56541995 0.56575172 0.56608205 0.56639228 0.5661505
 0.56713542]

[0.32916667 0.39427083 0.40645833 0.42270833 0.43114583 0.43989583
 0.44875    0.45427083 0.46239583 0.4678125  0.47302083 0.4775
 0.47895833 0.484375   0.48229167 0.4853125  0.48895833 0.49604167
 0.49760417 0.49833333 0.50041667 0.50083333 0.50375    0.50552083
 0.5090625 ]