1 0.18802083333333333 0.19791666666666666
21 0.6794270833333333 0.55
41 0.6794270833333333 0.55
61 0.6794270833333333 0.55
81 0.6794270833333333 0.55
101 0.6794270833333333 0.55
121 0.6794270833333333 0.55
141 0.6794270833333333 0.55
161 0.6794270833333333 0.55
181 0.6794270833333333 0.55
201 0.6794270833333333 0.55
221 0.6794270833333333 0.55
241 0.6794270833333333 0.55
261 0.6794270833333333 0.55
281 0.6794270833333333 0.55
301 0.6794270833333333 0.55
321 0.6794270833333333 0.55
341 0.6794270833333333 0.55
361 0.6794270833333333 0.55
381 0.6794270833333333 0.55
401 0.6794270833333333 0.55
421 0.6794270833333333 0.55
441 0.6794270833333333 0.55
461 0.6794270833333333 0.55
481 0.6794270833333333 0.55
501 0.6794270833333333 0.55
521 0.6794270833333333 0.55
541 0.6794270833333333 0.55
561 0.6794270833333333 0.55
581 0.6794270833333333 0.55
601 0.6794270833333333 0.55
621 0.6794270833333333 0.55
641 0.6794270833333333 0.55
661 0.6794270833333333 0.55
681 0.6794270833333333 0.55
701 0.6794270833333333 0.55
721 0.6794270833333333 0.55
741 0.6794270833333333 0.55
761 0.6794270833333333 0.55
781 0.6794270833333333 0.55
801 0.6794270833333333 0.55
821 0.6794270833333333 0.55
841 0.6794270833333333 0.55
861 0.6794270833333333 0.55
881 0.6794270833333333 0.55
901 0.6794270833333333 0.55
921 0.6794270833333333 0.55
941 0.6794270833333333 0.55
961 0.6794270833333333 0.55
981 0.6794270833333333 0.55
1 0.18697916666666667 0.20208333333333334
21 0.6846354166666667 0.5791666666666667
41 0.6846354166666667 0.5791666666666667
61 0.6846354166666667 0.5791666666666667
81 0.6846354166666667 0.5791666666666667
101 0.6846354166666667 0.5791666666666667
121 0.6846354166666667 0.5791666666666667
141 0.6846354166666667 0.5791666666666667
161 0.6846354166666667 0.5791666666666667
181 0.6846354166666667 0.5791666666666667
201 0.6846354166666667 0.5791666666666667
221 0.6846354166666667 0.5791666666666667
241 0.6846354166666667 0.5791666666666667
261 0.6846354166666667 0.5791666666666667
281 0.6846354166666667 0.5791666666666667
301 0.6846354166666667 0.5791666666666667
321 0.6846354166666667 0.5791666666666667
341 0.6846354166666667 0.5791666666666667
361 0.6846354166666667 0.5791666666666667
381 0.6846354166666667 0.5791666666666667
401 0.6846354166666667 0.5791666666666667
421 0.6846354166666667 0.5791666666666667
441 0.6846354166666667 0.5791666666666667
461 0.6846354166666667 0.5791666666666667
481 0.6846354166666667 0.5791666666666667
501 0.6846354166666667 0.5791666666666667
521 0.6846354166666667 0.5791666666666667
541 0.6846354166666667 0.5791666666666667
561 0.6846354166666667 0.5791666666666667
581 0.6846354166666667 0.5791666666666667
601 0.6846354166666667 0.5791666666666667
621 0.6846354166666667 0.5791666666666667
641 0.6846354166666667 0.5791666666666667
661 0.6846354166666667 0.5791666666666667
681 0.6846354166666667 0.5791666666666667
701 0.6846354166666667 0.5791666666666667
721 0.6846354166666667 0.5791666666666667
741 0.6846354166666667 0.5791666666666667
761 0.6846354166666667 0.5791666666666667
781 0.6846354166666667 0.5791666666666667
801 0.6846354166666667 0.5791666666666667
821 0.6846354166666667 0.5791666666666667
841 0.6846354166666667 0.5791666666666667
861 0.6846354166666667 0.5791666666666667
881 0.6846354166666667 0.5791666666666667
901 0.6846354166666667 0.5791666666666667
921 0.6846354166666667 0.5791666666666667
941 0.6846354166666667 0.5791666666666667
961 0.6846354166666667 0.5791666666666667
981 0.6846354166666667 0.5791666666666667
1 0.18515625 0.209375
21 0.6700520833333333 0.615625
41 0.6700520833333333 0.615625
61 0.6700520833333333 0.615625
81 0.6700520833333333 0.615625
101 0.6700520833333333 0.615625
121 0.6700520833333333 0.615625
141 0.6700520833333333 0.615625
161 0.6700520833333333 0.615625
181 0.6700520833333333 0.615625
201 0.6700520833333333 0.615625
221 0.6700520833333333 0.615625
241 0.6700520833333333 0.615625
261 0.6700520833333333 0.615625
281 0.6700520833333333 0.615625
301 0.6700520833333333 0.615625
321 0.6700520833333333 0.615625
341 0.6700520833333333 0.615625
361 0.6700520833333333 0.615625
381 0.6700520833333333 0.615625
401 0.6700520833333333 0.615625
421 0.6700520833333333 0.615625
441 0.6700520833333333 0.615625
461 0.6700520833333333 0.615625
481 0.6700520833333333 0.615625
501 0.6700520833333333 0.615625
521 0.6700520833333333 0.615625
541 0.6700520833333333 0.615625
561 0.6700520833333333 0.615625
581 0.6700520833333333 0.615625
601 0.6700520833333333 0.615625
621 0.6700520833333333 0.615625
641 0.6700520833333333 0.615625
661 0.6700520833333333 0.615625
681 0.6700520833333333 0.615625
701 0.6700520833333333 0.615625
721 0.6700520833333333 0.615625
741 0.6700520833333333 0.615625
761 0.6700520833333333 0.615625
781 0.6700520833333333 0.615625
801 0.6700520833333333 0.615625
821 0.6700520833333333 0.615625
841 0.6700520833333333 0.615625
861 0.6700520833333333 0.615625
881 0.6700520833333333 0.615625
901 0.6700520833333333 0.615625
921 0.6700520833333333 0.615625
941 0.6700520833333333 0.615625
961 0.6700520833333333 0.615625
981 0.6700520833333333 0.615625
1 0.18932291666666667 0.19270833333333334
21 0.6791666666666667 0.578125
41 0.6791666666666667 0.578125
61 0.6791666666666667 0.578125
81 0.6791666666666667 0.578125
101 0.6791666666666667 0.578125
121 0.6791666666666667 0.578125
141 0.6791666666666667 0.578125
161 0.6791666666666667 0.578125
181 0.6791666666666667 0.578125
201 0.6791666666666667 0.578125
221 0.6791666666666667 0.578125
241 0.6791666666666667 0.578125
261 0.6791666666666667 0.578125
281 0.6791666666666667 0.578125
301 0.6791666666666667 0.578125
321 0.6791666666666667 0.578125
341 0.6791666666666667 0.578125
361 0.6791666666666667 0.578125
381 0.6791666666666667 0.578125
401 0.6791666666666667 0.578125
421 0.6791666666666667 0.578125
441 0.6791666666666667 0.578125
461 0.6791666666666667 0.578125
481 0.6791666666666667 0.578125
501 0.6791666666666667 0.578125
521 0.6791666666666667 0.578125
541 0.6791666666666667 0.578125
561 0.6791666666666667 0.578125
581 0.6791666666666667 0.578125
601 0.6791666666666667 0.578125
621 0.6791666666666667 0.578125
641 0.6791666666666667 0.578125
661 0.6791666666666667 0.578125
681 0.6791666666666667 0.578125
701 0.6791666666666667 0.578125
721 0.6791666666666667 0.578125
741 0.6791666666666667 0.578125
761 0.6791666666666667 0.578125
781 0.6791666666666667 0.578125
801 0.6791666666666667 0.578125
821 0.6791666666666667 0.578125
841 0.6791666666666667 0.578125
861 0.6791666666666667 0.578125
881 0.6791666666666667 0.578125
901 0.6791666666666667 0.578125
921 0.6791666666666667 0.578125
941 0.6791666666666667 0.578125
961 0.6791666666666667 0.578125
981 0.6791666666666667 0.578125
1 0.19036458333333334 0.18854166666666666
21 0.6666666666666666 0.5447916666666667
41 0.6666666666666666 0.5447916666666667
61 0.6666666666666666 0.5447916666666667
81 0.6666666666666666 0.5447916666666667
101 0.6666666666666666 0.5447916666666667
121 0.6666666666666666 0.5447916666666667
141 0.6666666666666666 0.5447916666666667
161 0.6666666666666666 0.5447916666666667
181 0.6666666666666666 0.5447916666666667
201 0.6666666666666666 0.5447916666666667
221 0.6666666666666666 0.5447916666666667
241 0.6666666666666666 0.5447916666666667
261 0.6666666666666666 0.5447916666666667
281 0.6666666666666666 0.5447916666666667
301 0.6666666666666666 0.5447916666666667
321 0.6666666666666666 0.5447916666666667
341 0.6666666666666666 0.5447916666666667
361 0.6666666666666666 0.5447916666666667
381 0.6666666666666666 0.5447916666666667
401 0.6666666666666666 0.5447916666666667
421 0.6666666666666666 0.5447916666666667
441 0.6666666666666666 0.5447916666666667
461 0.6666666666666666 0.5447916666666667
481 0.6666666666666666 0.5447916666666667
501 0.6666666666666666 0.5447916666666667
521 0.6666666666666666 0.5447916666666667
541 0.6666666666666666 0.5447916666666667
561 0.6666666666666666 0.5447916666666667
581 0.6666666666666666 0.5447916666666667
601 0.6666666666666666 0.5447916666666667
621 0.6666666666666666 0.5447916666666667
641 0.6666666666666666 0.5447916666666667
661 0.6666666666666666 0.5447916666666667
681 0.6666666666666666 0.5447916666666667
701 0.6666666666666666 0.5447916666666667
721 0.6666666666666666 0.5447916666666667
741 0.6666666666666666 0.5447916666666667
761 0.6666666666666666 0.5447916666666667
781 0.6666666666666666 0.5447916666666667
801 0.6666666666666666 0.5447916666666667
821 0.6666666666666666 0.5447916666666667
841 0.6666666666666666 0.5447916666666667
861 0.6666666666666666 0.5447916666666667
881 0.6666666666666666 0.5447916666666667
901 0.6666666666666666 0.5447916666666667
921 0.6666666666666666 0.5447916666666667
941 0.6666666666666666 0.5447916666666667
961 0.6666666666666666 0.5447916666666667
981 0.6666666666666666 0.5447916666666667
1 0.19166666666666668 0.18333333333333332
21 0.6817708333333333 0.590625
41 0.6817708333333333 0.590625
61 0.6817708333333333 0.590625
81 0.6817708333333333 0.590625
101 0.6817708333333333 0.590625
121 0.6817708333333333 0.590625
141 0.6817708333333333 0.590625
161 0.6817708333333333 0.590625
181 0.6817708333333333 0.590625
201 0.6817708333333333 0.590625
221 0.6817708333333333 0.590625
241 0.6817708333333333 0.590625
261 0.6817708333333333 0.590625
281 0.6817708333333333 0.590625
301 0.6817708333333333 0.590625
321 0.6817708333333333 0.590625
341 0.6817708333333333 0.590625
361 0.6817708333333333 0.590625
381 0.6817708333333333 0.590625
401 0.6817708333333333 0.590625
421 0.6817708333333333 0.590625
441 0.6817708333333333 0.590625
461 0.6817708333333333 0.590625
481 0.6817708333333333 0.590625
501 0.6817708333333333 0.590625
521 0.6817708333333333 0.590625
541 0.6817708333333333 0.590625
561 0.6817708333333333 0.590625
581 0.6817708333333333 0.590625
601 0.6817708333333333 0.590625
621 0.6817708333333333 0.590625
641 0.6817708333333333 0.590625
661 0.6817708333333333 0.590625
681 0.6817708333333333 0.590625
701 0.6817708333333333 0.590625
721 0.6817708333333333 0.590625
741 0.6817708333333333 0.590625
761 0.6817708333333333 0.590625
781 0.6817708333333333 0.590625
801 0.6817708333333333 0.590625
821 0.6817708333333333 0.590625
841 0.6817708333333333 0.590625
861 0.6817708333333333 0.590625
881 0.6817708333333333 0.590625
901 0.6817708333333333 0.590625
921 0.6817708333333333 0.590625
941 0.6817708333333333 0.590625
961 0.6817708333333333 0.590625
981 0.6817708333333333 0.590625
1 0.19661458333333334 0.16354166666666667
21 0.68671875 0.5572916666666666
41 0.68671875 0.5572916666666666
61 0.68671875 0.5572916666666666
81 0.68671875 0.5572916666666666
101 0.68671875 0.5572916666666666
121 0.68671875 0.5572916666666666
141 0.68671875 0.5572916666666666
161 0.68671875 0.5572916666666666
181 0.68671875 0.5572916666666666
201 0.68671875 0.5572916666666666
221 0.68671875 0.5572916666666666
241 0.68671875 0.5572916666666666
261 0.68671875 0.5572916666666666
281 0.68671875 0.5572916666666666
301 0.68671875 0.5572916666666666
321 0.68671875 0.5572916666666666
341 0.68671875 0.5572916666666666
361 0.68671875 0.5572916666666666
381 0.68671875 0.5572916666666666
401 0.68671875 0.5572916666666666
421 0.68671875 0.5572916666666666
441 0.68671875 0.5572916666666666
461 0.68671875 0.5572916666666666
481 0.68671875 0.5572916666666666
501 0.68671875 0.5572916666666666
521 0.68671875 0.5572916666666666
541 0.68671875 0.5572916666666666
561 0.68671875 0.5572916666666666
581 0.68671875 0.5572916666666666
601 0.68671875 0.5572916666666666
621 0.68671875 0.5572916666666666
641 0.68671875 0.5572916666666666
661 0.68671875 0.5572916666666666
681 0.68671875 0.5572916666666666
701 0.68671875 0.5572916666666666
721 0.68671875 0.5572916666666666
741 0.68671875 0.5572916666666666
761 0.68671875 0.5572916666666666
781 0.68671875 0.5572916666666666
801 0.68671875 0.5572916666666666
821 0.68671875 0.5572916666666666
841 0.68671875 0.5572916666666666
861 0.68671875 0.5572916666666666
881 0.68671875 0.5572916666666666
901 0.68671875 0.5572916666666666
921 0.68671875 0.5572916666666666
941 0.68671875 0.5572916666666666
961 0.68671875 0.5572916666666666
981 0.68671875 0.5572916666666666
1 0.1890625 0.19375
21 0.6765625 0.578125
41 0.6765625 0.578125
61 0.6765625 0.578125
81 0.6765625 0.578125
101 0.6765625 0.578125
121 0.6765625 0.578125
141 0.6765625 0.578125
161 0.6765625 0.578125
181 0.6765625 0.578125
201 0.6765625 0.578125
221 0.6765625 0.578125
241 0.6765625 0.578125
261 0.6765625 0.578125
281 0.6765625 0.578125
301 0.6765625 0.578125
321 0.6765625 0.578125
341 0.6765625 0.578125
361 0.6765625 0.578125
381 0.6765625 0.578125
401 0.6765625 0.578125
421 0.6765625 0.578125
441 0.6765625 0.578125
461 0.6765625 0.578125
481 0.6765625 0.578125
501 0.6765625 0.578125
521 0.6765625 0.578125
541 0.6765625 0.578125
561 0.6765625 0.578125
581 0.6765625 0.578125
601 0.6765625 0.578125
621 0.6765625 0.578125
641 0.6765625 0.578125
661 0.6765625 0.578125
681 0.6765625 0.578125
701 0.6765625 0.578125
721 0.6765625 0.578125
741 0.6765625 0.578125
761 0.6765625 0.578125
781 0.6765625 0.578125
801 0.6765625 0.578125
821 0.6765625 0.578125
841 0.6765625 0.578125
861 0.6765625 0.578125
881 0.6765625 0.578125
901 0.6765625 0.578125
921 0.6765625 0.578125
941 0.6765625 0.578125
961 0.6765625 0.578125
981 0.6765625 0.578125
1 0.19635416666666666 0.16458333333333333
21 0.6807291666666667 0.5885416666666666
41 0.6807291666666667 0.5885416666666666
61 0.6807291666666667 0.5885416666666666
81 0.6807291666666667 0.5885416666666666
101 0.6807291666666667 0.5885416666666666
121 0.6807291666666667 0.5885416666666666
141 0.6807291666666667 0.5885416666666666
161 0.6807291666666667 0.5885416666666666
181 0.6807291666666667 0.5885416666666666
201 0.6807291666666667 0.5885416666666666
221 0.6807291666666667 0.5885416666666666
241 0.6807291666666667 0.5885416666666666
261 0.6807291666666667 0.5885416666666666
281 0.6807291666666667 0.5885416666666666
301 0.6807291666666667 0.5885416666666666
321 0.6807291666666667 0.5885416666666666
341 0.6807291666666667 0.5885416666666666
361 0.6807291666666667 0.5885416666666666
381 0.6807291666666667 0.5885416666666666
401 0.6807291666666667 0.5885416666666666
421 0.6807291666666667 0.5885416666666666
441 0.6807291666666667 0.5885416666666666
461 0.6807291666666667 0.5885416666666666
481 0.6807291666666667 0.5885416666666666
501 0.6807291666666667 0.5885416666666666
521 0.6807291666666667 0.5885416666666666
541 0.6807291666666667 0.5885416666666666
561 0.6807291666666667 0.5885416666666666
581 0.6807291666666667 0.5885416666666666
601 0.6807291666666667 0.5885416666666666
621 0.6807291666666667 0.5885416666666666
641 0.6807291666666667 0.5885416666666666
661 0.6807291666666667 0.5885416666666666
681 0.6807291666666667 0.5885416666666666
701 0.6807291666666667 0.5885416666666666
721 0.6807291666666667 0.5885416666666666
741 0.6807291666666667 0.5885416666666666
761 0.6807291666666667 0.5885416666666666
781 0.6807291666666667 0.5885416666666666
801 0.6807291666666667 0.5885416666666666
821 0.6807291666666667 0.5885416666666666
841 0.6807291666666667 0.5885416666666666
861 0.6807291666666667 0.5885416666666666
881 0.6807291666666667 0.5885416666666666
901 0.6807291666666667 0.5885416666666666
921 0.6807291666666667 0.5885416666666666
941 0.6807291666666667 0.5885416666666666
961 0.6807291666666667 0.5885416666666666
981 0.6807291666666667 0.5885416666666666
1 0.18619791666666666 0.20520833333333333
21 0.6807291666666667 0.5708333333333333
41 0.6807291666666667 0.5708333333333333
61 0.6807291666666667 0.5708333333333333
81 0.6807291666666667 0.5708333333333333
101 0.6807291666666667 0.5708333333333333
121 0.6807291666666667 0.5708333333333333
141 0.6807291666666667 0.5708333333333333
161 0.6807291666666667 0.5708333333333333
181 0.6807291666666667 0.5708333333333333
201 0.6807291666666667 0.5708333333333333
221 0.6807291666666667 0.5708333333333333
241 0.6807291666666667 0.5708333333333333
261 0.6807291666666667 0.5708333333333333
281 0.6807291666666667 0.5708333333333333
301 0.6807291666666667 0.5708333333333333
321 0.6807291666666667 0.5708333333333333
341 0.6807291666666667 0.5708333333333333
361 0.6807291666666667 0.5708333333333333
381 0.6807291666666667 0.5708333333333333
401 0.6807291666666667 0.5708333333333333
421 0.6807291666666667 0.5708333333333333
441 0.6807291666666667 0.5708333333333333
461 0.6807291666666667 0.5708333333333333
481 0.6807291666666667 0.5708333333333333
501 0.6807291666666667 0.5708333333333333
521 0.6807291666666667 0.5708333333333333
541 0.6807291666666667 0.5708333333333333
561 0.6807291666666667 0.5708333333333333
581 0.6807291666666667 0.5708333333333333
601 0.6807291666666667 0.5708333333333333
621 0.6807291666666667 0.5708333333333333
641 0.6807291666666667 0.5708333333333333
661 0.6807291666666667 0.5708333333333333
681 0.6807291666666667 0.5708333333333333
701 0.6807291666666667 0.5708333333333333
721 0.6807291666666667 0.5708333333333333
741 0.6807291666666667 0.5708333333333333
761 0.6807291666666667 0.5708333333333333
781 0.6807291666666667 0.5708333333333333
801 0.6807291666666667 0.5708333333333333
821 0.6807291666666667 0.5708333333333333
841 0.6807291666666667 0.5708333333333333
861 0.6807291666666667 0.5708333333333333
881 0.6807291666666667 0.5708333333333333
901 0.6807291666666667 0.5708333333333333
921 0.6807291666666667 0.5708333333333333
941 0.6807291666666667 0.5708333333333333
961 0.6807291666666667 0.5708333333333333
981 0.6807291666666667 0.5708333333333333