1 0.19192708333333333 0.196875
3 0.20026041666666666 0.196875
5 0.20416666666666666 0.196875
7 0.21276041666666667 0.18125
9 0.21979166666666666 0.19479166666666667
11 0.2203125 0.20833333333333334
13 0.21380208333333334 0.19166666666666668
15 0.21302083333333333 0.1875
17 0.21119791666666668 0.19375
19 0.2203125 0.20416666666666666
21 0.20729166666666668 0.18958333333333333
23 0.203125 0.17604166666666668
25 0.20130208333333333 0.18645833333333334
27 0.20052083333333334 0.18854166666666666
29 0.1984375 0.184375
31 0.21458333333333332 0.19270833333333334
33 0.21458333333333332 0.20520833333333333
35 0.2140625 0.20729166666666668
37 0.21119791666666668 0.20208333333333334
39 0.20859375 0.196875
41 0.19140625 0.1875
43 0.19791666666666666 0.190625
45 0.19895833333333332 0.190625
47 0.19427083333333334 0.18541666666666667
49 0.19479166666666667 0.18541666666666667
51 0.1953125 0.18854166666666666
53 0.19583333333333333 0.18958333333333333
55 0.19505208333333332 0.18854166666666666
57 0.19713541666666667 0.1875
59 0.196875 0.1875
61 0.19791666666666666 0.1875
63 0.19713541666666667 0.18958333333333333
65 0.19140625 0.18541666666666667
67 0.1921875 0.184375
69 0.1921875 0.18333333333333332
71 0.19348958333333333 0.18229166666666666
73 0.19348958333333333 0.18229166666666666
75 0.19375 0.18125
77 0.19401041666666666 0.18229166666666666
79 0.19375 0.18333333333333332
81 0.19375 0.184375
83 0.19322916666666667 0.18541666666666667
85 0.19322916666666667 0.184375
87 0.19401041666666666 0.18020833333333333
89 0.19427083333333334 0.178125
91 0.19479166666666667 0.17916666666666667
93 0.19505208333333332 0.17916666666666667
95 0.1953125 0.178125
97 0.19505208333333332 0.18020833333333333
99 0.19583333333333333 0.18020833333333333
1 0.19270833333333334 0.20104166666666667
3 0.2 0.203125
5 0.20208333333333334 0.20729166666666668
7 0.20494791666666667 0.20520833333333333
9 0.21145833333333333 0.2125
11 0.20885416666666667 0.21458333333333332
13 0.2078125 0.22395833333333334
15 0.20390625 0.23020833333333332
17 0.21302083333333333 0.225
19 0.22109375 0.22708333333333333
21 0.20677083333333332 0.21458333333333332
23 0.19453125 0.21041666666666667
25 0.19635416666666666 0.209375
27 0.19973958333333333 0.21145833333333333
29 0.19895833333333332 0.21145833333333333
31 0.19947916666666668 0.209375
33 0.2125 0.21354166666666666
35 0.20625 0.21354166666666666
37 0.18072916666666666 0.18333333333333332
39 0.184375 0.20520833333333333
41 0.18697916666666667 0.20520833333333333
43 0.19322916666666667 0.209375
45 0.19453125 0.20833333333333334
47 0.18723958333333332 0.21354166666666666
49 0.18802083333333333 0.2125
51 0.18880208333333334 0.21458333333333332
53 0.18932291666666667 0.215625
55 0.18854166666666666 0.21458333333333332
57 0.1875 0.203125
59 0.18723958333333332 0.203125
61 0.18671875 0.20208333333333334
63 0.18671875 0.20208333333333334
65 0.18723958333333332 0.20208333333333334
67 0.18776041666666668 0.20208333333333334
69 0.1875 0.20208333333333334
71 0.18854166666666666 0.20208333333333334
73 0.18854166666666666 0.20208333333333334
75 0.18802083333333333 0.20416666666666666
77 0.18828125 0.20520833333333333
79 0.18854166666666666 0.20416666666666666
81 0.18880208333333334 0.20416666666666666
83 0.1890625 0.20208333333333334
85 0.18880208333333334 0.20208333333333334
87 0.18828125 0.203125
89 0.18776041666666668 0.20416666666666666
91 0.18880208333333334 0.203125
93 0.18854166666666666 0.20520833333333333
95 0.18802083333333333 0.20729166666666668
97 0.18854166666666666 0.20625
99 0.18932291666666667 0.20625
1 0.18958333333333333 0.215625
3 0.19765625 0.22291666666666668
5 0.19765625 0.20625
7 0.20989583333333334 0.21041666666666667
9 0.20807291666666666 0.21666666666666667
11 0.21666666666666667 0.221875
13 0.21432291666666667 0.21354166666666666
15 0.20260416666666667 0.209375
17 0.20182291666666666 0.20104166666666667
19 0.22473958333333333 0.2125
21 0.20494791666666667 0.221875
23 0.19244791666666666 0.21875
25 0.1953125 0.21354166666666666
27 0.19479166666666667 0.21354166666666666
29 0.2 0.21979166666666666
31 0.19166666666666668 0.21979166666666666
33 0.20260416666666667 0.253125
35 0.19713541666666667 0.23958333333333334
37 0.19635416666666666 0.23958333333333334
39 0.18072916666666666 0.21979166666666666
41 0.1828125 0.221875
43 0.18802083333333333 0.23020833333333332
45 0.18567708333333333 0.21979166666666666
47 0.18567708333333333 0.21979166666666666
49 0.1859375 0.22083333333333333
51 0.18671875 0.22291666666666668
53 0.18671875 0.22604166666666667
55 0.18333333333333332 0.221875
57 0.18333333333333332 0.21979166666666666
59 0.18333333333333332 0.21875
61 0.18255208333333334 0.21875
63 0.18203125 0.22083333333333333
65 0.18307291666666667 0.21875
67 0.18359375 0.21875
69 0.1828125 0.22083333333333333
71 0.18333333333333332 0.22291666666666668
73 0.18359375 0.221875
75 0.18411458333333333 0.21979166666666666
77 0.18411458333333333 0.221875
79 0.18411458333333333 0.221875
81 0.184375 0.221875
83 0.184375 0.22083333333333333
85 0.18411458333333333 0.22083333333333333
87 0.18385416666666668 0.22083333333333333
89 0.18411458333333333 0.21875
91 0.18541666666666667 0.21666666666666667
93 0.18567708333333333 0.21666666666666667
95 0.18567708333333333 0.21666666666666667
97 0.1859375 0.21666666666666667
99 0.18671875 0.21666666666666667
1 0.19427083333333334 0.18958333333333333
3 0.20052083333333334 0.20104166666666667
5 0.20260416666666667 0.19583333333333333
7 0.209375 0.21458333333333332
9 0.20859375 0.21354166666666666
11 0.21432291666666667 0.209375
13 0.20807291666666666 0.20416666666666666
15 0.19583333333333333 0.20520833333333333
17 0.2140625 0.203125
19 0.21588541666666666 0.221875
21 0.20182291666666666 0.17916666666666667
23 0.20286458333333332 0.17708333333333334
25 0.20598958333333334 0.17083333333333334
27 0.2046875 0.17395833333333333
29 0.20442708333333334 0.17395833333333333
31 0.20859375 0.17291666666666666
33 0.2203125 0.18229166666666666
35 0.21979166666666666 0.184375
37 0.2171875 0.178125
39 0.19713541666666667 0.16979166666666667
41 0.19296875 0.18125
43 0.1921875 0.18229166666666666
45 0.20026041666666666 0.18541666666666667
47 0.19244791666666666 0.19270833333333334
49 0.19296875 0.19270833333333334
51 0.19401041666666666 0.19375
53 0.19505208333333332 0.19270833333333334
55 0.19453125 0.190625
57 0.19635416666666666 0.190625
59 0.19609375 0.190625
61 0.19713541666666667 0.190625
63 0.18854166666666666 0.19479166666666667
65 0.18880208333333334 0.19583333333333333
67 0.1890625 0.196875
69 0.18854166666666666 0.19791666666666666
71 0.1890625 0.2
73 0.18880208333333334 0.20104166666666667
75 0.18880208333333334 0.20104166666666667
77 0.18932291666666667 0.20104166666666667
79 0.18958333333333333 0.2
81 0.19010416666666666 0.19895833333333332
83 0.18958333333333333 0.2
85 0.18932291666666667 0.2
87 0.18932291666666667 0.19895833333333332
89 0.18932291666666667 0.19791666666666666
91 0.18984375 0.19895833333333332
93 0.18984375 0.2
95 0.18958333333333333 0.20104166666666667
97 0.18984375 0.20104166666666667
99 0.190625 0.20104166666666667
1 0.19244791666666666 0.18958333333333333
3 0.19791666666666666 0.19791666666666666
5 0.20078125 0.21041666666666667
7 0.21380208333333334 0.20833333333333334
9 0.21744791666666666 0.23020833333333332
11 0.209375 0.22604166666666667
13 0.2078125 0.20520833333333333
15 0.2078125 0.203125
17 0.21848958333333332 0.2
19 0.21145833333333333 0.20833333333333334
21 0.20989583333333334 0.20208333333333334
23 0.20182291666666666 0.18125
25 0.2015625 0.18541666666666667
27 0.20390625 0.17708333333333334
29 0.20130208333333333 0.18229166666666666
31 0.21354166666666666 0.18645833333333334
33 0.21901041666666668 0.1875
35 0.21770833333333334 0.19270833333333334
37 0.19453125 0.17395833333333333
39 0.19270833333333334 0.171875
41 0.19453125 0.175
43 0.19375 0.17604166666666668
45 0.2 0.18645833333333334
47 0.19401041666666666 0.18645833333333334
49 0.19427083333333334 0.1875
51 0.1953125 0.18854166666666666
53 0.19583333333333333 0.18958333333333333
55 0.19479166666666667 0.18958333333333333
57 0.19661458333333334 0.18958333333333333
59 0.19661458333333334 0.18854166666666666
61 0.19765625 0.18854166666666666
63 0.19765625 0.1875
65 0.19791666666666666 0.18541666666666667
67 0.19869791666666667 0.18645833333333334
69 0.1921875 0.18333333333333332
71 0.19270833333333334 0.18541666666666667
73 0.19270833333333334 0.18541666666666667
75 0.19244791666666666 0.18645833333333334
77 0.19270833333333334 0.1875
79 0.19270833333333334 0.1875
81 0.19296875 0.1875
83 0.1921875 0.18958333333333333
85 0.19192708333333333 0.18958333333333333
87 0.19192708333333333 0.18854166666666666
89 0.19140625 0.18958333333333333
91 0.19140625 0.19270833333333334
93 0.19166666666666668 0.19270833333333334
95 0.19166666666666668 0.19270833333333334
97 0.19166666666666668 0.19375
99 0.1921875 0.19479166666666667
1 0.19479166666666667 0.18958333333333333
3 0.19869791666666667 0.1875
5 0.20078125 0.190625
7 0.21119791666666668 0.18541666666666667
9 0.2078125 0.20625
11 0.21302083333333333 0.21354166666666666
13 0.20911458333333333 0.20625
15 0.20729166666666668 0.21354166666666666
17 0.21510416666666668 0.18958333333333333
19 0.20807291666666666 0.203125
21 0.20833333333333334 0.20833333333333334
23 0.1984375 0.19479166666666667
25 0.19791666666666666 0.2
27 0.19973958333333333 0.19375
29 0.1984375 0.19791666666666666
31 0.20546875 0.18541666666666667
33 0.21666666666666667 0.196875
35 0.21692708333333333 0.19583333333333333
37 0.18567708333333333 0.16354166666666667
39 0.1828125 0.16041666666666668
41 0.18411458333333333 0.15625
43 0.19401041666666666 0.175
45 0.20078125 0.18333333333333332
47 0.19375 0.1875
49 0.19479166666666667 0.18541666666666667
51 0.19635416666666666 0.184375
53 0.19713541666666667 0.184375
55 0.19635416666666666 0.18333333333333332
57 0.19869791666666667 0.18125
59 0.19869791666666667 0.18020833333333333
61 0.19921875 0.18229166666666666
63 0.19348958333333333 0.175
65 0.19453125 0.17291666666666666
67 0.19479166666666667 0.17395833333333333
69 0.19453125 0.17395833333333333
71 0.1953125 0.175
73 0.1953125 0.175
75 0.19505208333333332 0.17604166666666668
77 0.1953125 0.17708333333333334
79 0.19505208333333332 0.178125
81 0.19557291666666668 0.17708333333333334
83 0.19505208333333332 0.178125
85 0.19505208333333332 0.17708333333333334
87 0.19505208333333332 0.17604166666666668
89 0.1953125 0.17395833333333333
91 0.19583333333333333 0.175
93 0.19609375 0.175
95 0.19609375 0.175
97 0.19635416666666666 0.175
99 0.19661458333333334 0.17708333333333334
1 0.19973958333333333 0.16458333333333333
3 0.20260416666666667 0.165625
5 0.20677083333333332 0.18333333333333332
7 0.20911458333333333 0.19583333333333333
9 0.21848958333333332 0.18854166666666666
11 0.2140625 0.19479166666666667
13 0.21458333333333332 0.196875
15 0.21041666666666667 0.18333333333333332
17 0.21822916666666667 0.165625
19 0.22760416666666666 0.17916666666666667
21 0.21380208333333334 0.18645833333333334
23 0.20234375 0.17916666666666667
25 0.20104166666666667 0.1875
27 0.20052083333333334 0.18854166666666666
29 0.19895833333333332 0.19166666666666668
31 0.21380208333333334 0.19583333333333333
33 0.2078125 0.19375
35 0.21223958333333334 0.17916666666666667
37 0.19713541666666667 0.16979166666666667
39 0.19479166666666667 0.16354166666666667
41 0.19661458333333334 0.16666666666666666
43 0.20260416666666667 0.171875
45 0.20364583333333333 0.171875
47 0.19947916666666668 0.16458333333333333
49 0.20026041666666666 0.16354166666666667
51 0.20104166666666667 0.165625
53 0.20182291666666666 0.165625
55 0.20052083333333334 0.16666666666666666
57 0.19635416666666666 0.16770833333333332
59 0.19583333333333333 0.16875
61 0.19479166666666667 0.16979166666666667
63 0.19479166666666667 0.16979166666666667
65 0.19505208333333332 0.17083333333333334
67 0.19557291666666668 0.17083333333333334
69 0.1953125 0.17083333333333334
71 0.19635416666666666 0.17083333333333334
73 0.19661458333333334 0.16979166666666667
75 0.196875 0.16875
77 0.19739583333333333 0.16875
79 0.19739583333333333 0.16875
81 0.19765625 0.16875
83 0.19713541666666667 0.16979166666666667
85 0.19713541666666667 0.16875
87 0.19661458333333334 0.16979166666666667
89 0.19609375 0.17083333333333334
91 0.19713541666666667 0.16979166666666667
93 0.19661458333333334 0.17291666666666666
95 0.19635416666666666 0.17395833333333333
97 0.196875 0.17291666666666666
99 0.19739583333333333 0.17395833333333333
1 0.19348958333333333 0.19166666666666668
3 0.19635416666666666 0.21354166666666666
5 0.19479166666666667 0.20416666666666666
7 0.209375 0.190625
9 0.22083333333333333 0.203125
11 0.22317708333333333 0.203125
13 0.20911458333333333 0.22083333333333333
15 0.20078125 0.21666666666666667
17 0.20572916666666666 0.20625
19 0.21536458333333333 0.228125
21 0.20546875 0.21979166666666666
23 0.19765625 0.19791666666666666
25 0.19895833333333332 0.19583333333333333
27 0.19921875 0.19375
29 0.19973958333333333 0.18854166666666666
31 0.20286458333333332 0.1875
33 0.20677083333333332 0.19895833333333332
35 0.21015625 0.21041666666666667
37 0.20911458333333333 0.21041666666666667
39 0.18619791666666666 0.165625
41 0.19348958333333333 0.17916666666666667
43 0.19453125 0.20416666666666666
45 0.19583333333333333 0.17916666666666667
47 0.19609375 0.178125
49 0.19635416666666666 0.17916666666666667
51 0.19739583333333333 0.18020833333333333
53 0.1984375 0.17916666666666667
55 0.19765625 0.178125
57 0.19895833333333332 0.18020833333333333
59 0.19869791666666667 0.18020833333333333
61 0.19947916666666668 0.18125
63 0.1921875 0.18020833333333333
65 0.19322916666666667 0.178125
67 0.19375 0.178125
69 0.19348958333333333 0.178125
71 0.19453125 0.178125
73 0.19479166666666667 0.17708333333333334
75 0.19479166666666667 0.17708333333333334
77 0.19557291666666668 0.17604166666666668
79 0.19557291666666668 0.17604166666666668
81 0.19583333333333333 0.17604166666666668
83 0.19557291666666668 0.17604166666666668
85 0.1953125 0.17604166666666668
87 0.19505208333333332 0.17604166666666668
89 0.19505208333333332 0.175
91 0.19583333333333333 0.175
93 0.19609375 0.175
95 0.19609375 0.175
97 0.19635416666666666 0.175
99 0.19713541666666667 0.175
1 0.20338541666666668 0.16145833333333334
3 0.20677083333333332 0.17395833333333333
5 0.20677083333333332 0.178125
7 0.21744791666666666 0.190625
9 0.21432291666666667 0.20104166666666667
11 0.21640625 0.203125
13 0.209375 0.21354166666666666
15 0.21276041666666667 0.2
17 0.21796875 0.19583333333333333
19 0.22057291666666667 0.20833333333333334
21 0.21223958333333334 0.19270833333333334
23 0.20286458333333332 0.17708333333333334
25 0.20703125 0.16666666666666666
27 0.20598958333333334 0.16875
29 0.20208333333333334 0.18229166666666666
31 0.196875 0.18020833333333333
33 0.21510416666666668 0.203125
35 0.1859375 0.17083333333333334
37 0.17916666666666667 0.16041666666666668
39 0.19036458333333334 0.18125
41 0.19244791666666666 0.18333333333333332
43 0.19375 0.18125
45 0.19505208333333332 0.18229166666666666
47 0.19479166666666667 0.18333333333333332
49 0.1953125 0.18333333333333332
51 0.19635416666666666 0.184375
53 0.19635416666666666 0.17083333333333334
55 0.19635416666666666 0.16979166666666667
57 0.1953125 0.171875
59 0.19505208333333332 0.171875
61 0.19427083333333334 0.171875
63 0.19401041666666666 0.17291666666666666
65 0.19401041666666666 0.175
67 0.19427083333333334 0.17604166666666668
69 0.19427083333333334 0.175
71 0.19505208333333332 0.17604166666666668
73 0.19479166666666667 0.17708333333333334
75 0.19453125 0.178125
77 0.19453125 0.18020833333333333
79 0.19453125 0.18020833333333333
81 0.19453125 0.18125
83 0.19453125 0.18020833333333333
85 0.19401041666666666 0.18125
87 0.19375 0.18125
89 0.19375 0.18020833333333333
91 0.19427083333333334 0.18125
93 0.19453125 0.18125
95 0.19453125 0.18125
97 0.19296875 0.175
99 0.19635416666666666 0.16458333333333333
1 0.19114583333333332 0.20104166666666667
3 0.19635416666666666 0.196875
5 0.20286458333333332 0.19166666666666668
7 0.20703125 0.18125
9 0.20390625 0.19479166666666667
11 0.21197916666666666 0.19583333333333333
13 0.21692708333333333 0.196875
15 0.20598958333333334 0.19375
17 0.20625 0.19895833333333332
19 0.21744791666666666 0.21979166666666666
21 0.20598958333333334 0.21770833333333334
23 0.20260416666666667 0.215625
25 0.19635416666666666 0.20625
27 0.19583333333333333 0.20729166666666668
29 0.19947916666666668 0.2
31 0.19739583333333333 0.209375
33 0.2046875 0.20729166666666668
35 0.18046875 0.184375
37 0.17708333333333334 0.16875
39 0.18697916666666667 0.19479166666666667
41 0.18880208333333334 0.19791666666666666
43 0.19583333333333333 0.19895833333333332
45 0.19661458333333334 0.2
47 0.19140625 0.196875
49 0.19166666666666668 0.19791666666666666
51 0.19270833333333334 0.19895833333333332
53 0.19401041666666666 0.196875
55 0.19296875 0.196875
57 0.19453125 0.19791666666666666
59 0.19453125 0.196875
61 0.18932291666666667 0.19166666666666668
63 0.18958333333333333 0.190625
65 0.18932291666666667 0.19375
67 0.19036458333333334 0.19166666666666668
69 0.19036458333333334 0.190625
71 0.19114583333333332 0.19166666666666668
73 0.19166666666666668 0.18958333333333333
75 0.19166666666666668 0.18958333333333333
77 0.19244791666666666 0.18854166666666666
79 0.19296875 0.18645833333333334
81 0.19348958333333333 0.18541666666666667
83 0.19348958333333333 0.184375
85 0.19348958333333333 0.18333333333333332
87 0.19348958333333333 0.18229166666666666
89 0.19322916666666667 0.18229166666666666
91 0.19348958333333333 0.184375
93 0.19348958333333333 0.18541666666666667
95 0.19322916666666667 0.18645833333333334
97 0.19322916666666667 0.1875
99 0.19375 0.18854166666666666