[  15   48   80  112  145  177  209  242  274  306  339  371  403  435
  468  500  532  565  597  629  662  694  726  759  791  823  855  888
  920  952  985 1017 1049 1082 1114 1146 1179 1211 1243 1275 1308 1340
 1372 1405 1437 1469 1502 1534 1566 1599]

[[1. 1. 1. 1. 1. 1. 1. 1. 1. 1.]
 [1. 1. 1. 1. 1. 1. 1. 1. 1. 1.]
 [1. 1. 1. 1. 1. 1. 1. 1. 1. 1.]
 [1. 1. 1. 1. 1. 1. 1. 1. 1. 1.]
 [1. 1. 1. 1. 1. 1. 1. 1. 1. 1.]
 [1. 1. 1. 1. 1. 1. 1. 1. 1. 1.]
 [1. 1. 1. 1. 1. 1. 1. 1. 1. 1.]
 [1. 1. 1. 1. 1. 1. 1. 1. 1. 1.]
 [1. 1. 1. 1. 1. 1. 1. 1. 1. 1.]
 [1. 1. 1. 1. 1. 1. 1. 1. 1. 1.]
 [1. 1. 1. 1. 1. 1. 1. 1. 1. 1.]
 [1. 1. 1. 1. 1. 1. 1. 1. 1. 1.]
 [1. 1. 1. 1. 1. 1. 1. 1. 1. 1.]
 [1. 1. 1. 1. 1. 1. 1. 1. 1. 1.]
 [1. 1. 1. 1. 1. 1. 1. 1. 1. 1.]
 [1. 1. 1. 1. 1. 1. 1. 1. 1. 1.]
 [1. 1. 1. 1. 1. 1. 1. 1. 1. 1.]
 [1. 1. 1. 1. 1. 1. 1. 1. 1. 1.]
 [1. 1. 1. 1. 1. 1. 1. 1. 1. 1.]
 [1. 1. 1. 1. 1. 1. 1. 1. 1. 1.]
 [1. 1. 1. 1. 1. 1. 1. 1. 1. 1.]
 [1. 1. 1. 1. 1. 1. 1. 1. 1. 1.]
 [1. 1. 1. 1. 1. 1. 1. 1. 1. 1.]
 [1. 1. 1. 1. 1. 1. 1. 1. 1. 1.]
 [1. 1. 1. 1. 1. 1. 1. 1. 1. 1.]
 [1. 1. 1. 1. 1. 1. 1. 1. 1. 1.]
 [1. 1. 1. 1. 1. 1. 1. 1. 1. 1.]
 [1. 1. 1. 1. 1. 1. 1. 1. 1. 1.]
 [1. 1. 1. 1. 1. 1. 1. 1. 1. 1.]
 [1. 1. 1. 1. 1. 1. 1. 1. 1. 1.]
 [1. 1. 1. 1. 1. 1. 1. 1. 1. 1.]
 [1. 1. 1. 1. 1. 1. 1. 1. 1. 1.]
 [1. 1. 1. 1. 1. 1. 1. 1. 1. 1.]
 [1. 1. 1. 1. 1. 1. 1. 1. 1. 1.]
 [1. 1. 1. 1. 1. 1. 1. 1. 1. 1.]
 [1. 1. 1. 1. 1. 1. 1. 1. 1. 1.]
 [1. 1. 1. 1. 1. 1. 1. 1. 1. 1.]
 [1. 1. 1. 1. 1. 1. 1. 1. 1. 1.]
 [1. 1. 1. 1. 1. 1. 1. 1. 1. 1.]
 [1. 1. 1. 1. 1. 1. 1. 1. 1. 1.]
 [1. 1. 1. 1. 1. 1. 1. 1. 1. 1.]
 [1. 1. 1. 1. 1. 1. 1. 1. 1. 1.]
 [1. 1. 1. 1. 1. 1. 1. 1. 1. 1.]
 [1. 1. 1. 1. 1. 1. 1. 1. 1. 1.]
 [1. 1. 1. 1. 1. 1. 1. 1. 1. 1.]
 [1. 1. 1. 1. 1. 1. 1. 1. 1. 1.]
 [1. 1. 1. 1. 1. 1. 1. 1. 1. 1.]
 [1. 1. 1. 1. 1. 1. 1. 1. 1. 1.]
 [1. 1. 1. 1. 1. 1. 1. 1. 1. 1.]
 [1. 1. 1. 1. 1. 1. 1. 1. 1. 1.]]

[[0.43   0.275  0.4525 0.3125 0.41   0.3925 0.33   0.335  0.5025 0.3675]
 [0.5475 0.46   0.56   0.6    0.575  0.54   0.5525 0.5225 0.58   0.565 ]
 [0.635  0.625  0.63   0.66   0.6475 0.6675 0.615  0.595  0.7075 0.6325]
 [0.66   0.655  0.7125 0.7125 0.7175 0.7275 0.6925 0.6475 0.685  0.6875]
 [0.69   0.665  0.7225 0.73   0.71   0.71   0.7275 0.695  0.71   0.7325]
 [0.7125 0.68   0.7425 0.7475 0.695  0.7275 0.7425 0.6875 0.7375 0.7275]
 [0.7475 0.715  0.76   0.7525 0.695  0.755  0.7225 0.73   0.7625 0.74  ]
 [0.7625 0.74   0.7525 0.755  0.74   0.7725 0.73   0.745  0.75   0.7725]
 [0.7675 0.7325 0.7875 0.805  0.7425 0.765  0.7275 0.7525 0.74   0.755 ]
 [0.785  0.735  0.755  0.7925 0.7375 0.7675 0.7375 0.7725 0.7575 0.785 ]
 [0.7825 0.75   0.7625 0.8    0.7375 0.7825 0.735  0.77   0.77   0.7725]
 [0.8075 0.75   0.78   0.805  0.76   0.7625 0.73   0.7475 0.7675 0.78  ]
 [0.795  0.76   0.7525 0.81   0.7725 0.795  0.755  0.75   0.77   0.8   ]
 [0.8175 0.775  0.765  0.805  0.77   0.78   0.755  0.735  0.7725 0.775 ]
 [0.8075 0.7625 0.785  0.795  0.7525 0.8    0.7825 0.7575 0.775  0.78  ]
 [0.775  0.78   0.7825 0.7975 0.7525 0.785  0.785  0.75   0.7875 0.795 ]
 [0.78   0.785  0.785  0.795  0.7775 0.7725 0.7625 0.78   0.7975 0.78  ]
 [0.795  0.765  0.7825 0.83   0.77   0.785  0.785  0.7575 0.78   0.8   ]
 [0.79   0.755  0.7925 0.8175 0.77   0.8075 0.79   0.755  0.8    0.8   ]
 [0.8025 0.7775 0.785  0.8275 0.785  0.7825 0.7725 0.7625 0.81   0.815 ]
 [0.815  0.78   0.805  0.82   0.7625 0.8075 0.8    0.77   0.815  0.79  ]
 [0.8025 0.785  0.8    0.81   0.785  0.7725 0.7875 0.7625 0.8075 0.8125]
 [0.8    0.775  0.7825 0.8275 0.7775 0.7925 0.7725 0.765  0.8025 0.8025]
 [0.7925 0.745  0.815  0.83   0.79   0.81   0.7775 0.755  0.815  0.7825]
 [0.815  0.7675 0.8    0.7975 0.7925 0.81   0.7925 0.7575 0.8175 0.815 ]
 [0.8    0.79   0.785  0.82   0.7975 0.805  0.7975 0.745  0.8025 0.805 ]
 [0.8075 0.78   0.7875 0.82   0.8    0.79   0.7625 0.77   0.8175 0.815 ]
 [0.8075 0.79   0.805  0.8375 0.7975 0.8175 0.7875 0.775  0.785  0.8225]
 [0.815  0.7925 0.825  0.835  0.795  0.7925 0.7925 0.775  0.8075 0.8125]
 [0.805  0.7675 0.7875 0.82   0.79   0.8025 0.785  0.785  0.8075 0.8   ]
 [0.8175 0.7725 0.815  0.8225 0.795  0.815  0.795  0.7725 0.8175 0.815 ]
 [0.8075 0.795  0.79   0.8075 0.7975 0.795  0.78   0.805  0.83   0.805 ]
 [0.815  0.785  0.805  0.82   0.8075 0.8025 0.81   0.765  0.81   0.805 ]
 [0.815  0.7775 0.8025 0.82   0.8075 0.81   0.8125 0.795  0.8325 0.8175]
 [0.7975 0.8025 0.815  0.8225 0.82   0.8075 0.7925 0.795  0.83   0.8025]
 [0.815  0.81   0.8225 0.835  0.8025 0.83   0.8125 0.7925 0.81   0.82  ]
 [0.8    0.8075 0.8025 0.84   0.8225 0.795  0.7825 0.8    0.825  0.8275]
 [0.815  0.79   0.7925 0.83   0.8325 0.805  0.8    0.7825 0.81   0.81  ]
 [0.8225 0.8025 0.7975 0.8375 0.795  0.805  0.8    0.795  0.8225 0.8175]
 [0.8075 0.8    0.81   0.8275 0.7975 0.8125 0.8025 0.77   0.8325 0.82  ]
 [0.815  0.8125 0.8175 0.8325 0.82   0.82   0.7925 0.7875 0.8275 0.8275]
 [0.8175 0.805  0.8175 0.8325 0.8375 0.8225 0.78   0.7975 0.82   0.82  ]
 [0.8275 0.81   0.7925 0.84   0.815  0.8225 0.81   0.7775 0.84   0.825 ]
 [0.8025 0.7975 0.8175 0.8325 0.8175 0.8075 0.7975 0.7925 0.8125 0.825 ]
 [0.8025 0.795  0.8    0.82   0.825  0.7975 0.79   0.8    0.82   0.805 ]
 [0.82   0.7975 0.8075 0.8425 0.8275 0.815  0.7925 0.7925 0.8175 0.81  ]
 [0.8075 0.8025 0.805  0.8325 0.82   0.815  0.795  0.82   0.8225 0.8225]
 [0.8225 0.8275 0.81   0.84   0.8325 0.815  0.815  0.795  0.84   0.7975]
 [0.815  0.795  0.81   0.835  0.815  0.8125 0.8125 0.81   0.82   0.81  ]
 [0.8275 0.8325 0.7925 0.8525 0.825  0.8075 0.8275 0.7875 0.8475 0.8025]]