[1, 3, 5, 7, 9, 11, 13, 15, 17, 19, 21, 23, 25, 27, 29, 31, 33, 35, 37, 39]

[[1.         1.         1.         1.         1.         1.
  1.         1.         1.         1.        ]
 [1.         1.         1.         1.         1.         1.
  1.         1.         1.         1.        ]
 [1.         1.         1.         1.         1.         1.
  1.         1.         1.         1.        ]
 [0.99874922 1.         1.         0.99937461 0.99812383 0.99874922
  0.99937461 0.99937461 0.99874922 1.        ]
 [0.9931207  0.99499687 0.99624765 0.9931207  0.99249531 0.99749844
  0.99624765 0.99437148 0.99749844 0.99374609]
 [0.98123827 0.98811757 0.98373984 0.98248906 0.98186366 0.98561601
  0.97998749 0.98311445 0.98436523 0.99061914]
 [0.9724828  0.96435272 0.97811132 0.97560976 0.96435272 0.98123827
  0.97060663 0.97623515 0.97623515 0.97373358]
 [0.96122577 0.96810507 0.96310194 0.95497186 0.95934959 0.96122577
  0.96060038 0.96435272 0.96060038 0.95747342]
 [0.931207   0.94996873 0.95809881 0.94746717 0.94434021 0.96185116
  0.95309568 0.93621013 0.94434021 0.94871795]
 [0.92808005 0.95059412 0.92307692 0.91619762 0.9249531  0.91932458
  0.9318324  0.93058161 0.92307692 0.93996248]
 [0.9318324  0.9180738  0.89931207 0.88868043 0.90368981 0.9111945
  0.89993746 0.9180738  0.90181363 0.90243902]
 [0.90869293 0.90243902 0.90056285 0.91619762 0.89806129 0.88742964
  0.88555347 0.91682301 0.91994997 0.90181363]
 [0.8905566  0.87742339 0.90368981 0.90368981 0.88305191 0.89180738
  0.88742964 0.88430269 0.89618512 0.8836773 ]
 [0.85866166 0.8905566  0.86679174 0.88305191 0.87179487 0.87929956
  0.89180738 0.87116948 0.8630394  0.87992495]
 [0.88430269 0.86616635 0.85053158 0.85428393 0.88117573 0.85741088
  0.88180113 0.88492808 0.83927455 0.87742339]
 [0.85803627 0.83989994 0.86616635 0.83677298 0.85928705 0.8286429
  0.82551595 0.84365228 0.84865541 0.87304565]
 [0.83364603 0.84052533 0.85678549 0.83114447 0.84177611 0.83739837
  0.83114447 0.84177611 0.84052533 0.83864916]
 [0.82301438 0.81863665 0.84115072 0.86491557 0.82113821 0.81988743
  0.83239525 0.81988743 0.82426517 0.83739837]
 [0.79487179 0.80175109 0.81738587 0.80362727 0.80988118 0.80425266
  0.81676048 0.80988118 0.80737961 0.82926829]
 [0.80675422 0.81988743 0.7879925  0.79299562 0.81050657 0.81300813
  0.79049406 0.82051282 0.80300188 0.77485929]]

[[0.7325 0.6825 0.71   0.72   0.7    0.695  0.685  0.6725 0.695  0.6725]
 [0.77   0.745  0.7675 0.7725 0.7425 0.74   0.745  0.7675 0.7675 0.735 ]
 [0.79   0.725  0.7375 0.7575 0.755  0.765  0.7475 0.74   0.76   0.745 ]
 [0.7775 0.7475 0.735  0.7725 0.7025 0.74   0.7275 0.7575 0.7525 0.7525]
 [0.755  0.73   0.72   0.7575 0.7475 0.7475 0.755  0.7475 0.7375 0.7575]
 [0.735  0.73   0.7175 0.725  0.735  0.7125 0.715  0.73   0.7625 0.6825]
 [0.7675 0.69   0.7525 0.72   0.6975 0.7025 0.7225 0.695  0.71   0.735 ]
 [0.7525 0.7    0.7225 0.725  0.7075 0.74   0.7175 0.66   0.7    0.715 ]
 [0.6925 0.6925 0.7125 0.7275 0.7225 0.715  0.6875 0.69   0.72   0.7   ]
 [0.725  0.68   0.7075 0.75   0.7    0.7275 0.6775 0.705  0.695  0.7075]
 [0.71   0.6825 0.73   0.675  0.72   0.69   0.6975 0.7175 0.685  0.69  ]
 [0.7225 0.715  0.685  0.7125 0.69   0.6975 0.6925 0.6875 0.6775 0.6975]
 [0.67   0.6375 0.755  0.74   0.6975 0.67   0.655  0.6475 0.6775 0.7075]
 [0.675  0.675  0.655  0.71   0.665  0.69   0.665  0.63   0.6675 0.7   ]
 [0.6975 0.67   0.69   0.7325 0.6825 0.7075 0.6825 0.6475 0.6925 0.7175]
 [0.665  0.69   0.735  0.6975 0.695  0.68   0.6375 0.6625 0.6625 0.665 ]
 [0.645  0.72   0.67   0.695  0.6625 0.6575 0.645  0.6525 0.6675 0.6725]
 [0.7025 0.6775 0.6825 0.7175 0.6925 0.6325 0.655  0.615  0.7075 0.6625]
 [0.64   0.625  0.66   0.6475 0.66   0.635  0.6525 0.6225 0.6425 0.6575]
 [0.695  0.61   0.645  0.6725 0.6675 0.705  0.6175 0.6525 0.685  0.6425]]