[  15   48   80  112  145  177  209  242  274  306  339  371  403  435
  468  500  532  565  597  629  662  694  726  759  791  823  855  888
  920  952  985 1017 1049 1082 1114 1146 1179 1211 1243 1275 1308 1340
 1372 1405 1437 1469 1502 1534 1566 1599]

[[0.2        0.2        0.2        0.26666667 0.2        0.33333333
  0.33333333 0.26666667 0.2        0.2       ]
 [0.1875     0.20833333 0.14583333 0.1875     0.14583333 0.20833333
  0.20833333 0.16666667 0.14583333 0.16666667]
 [0.725      0.4375     0.5875     0.55       0.5625     0.625
  0.625      0.6125     0.475      0.6375    ]
 [0.69642857 0.58035714 0.58928571 0.59821429 0.63392857 0.61607143
  0.54464286 0.52678571 0.59821429 0.52678571]
 [0.82068966 0.66896552 0.68275862 0.6        0.73793103 0.66206897
  0.62758621 0.68965517 0.75862069 0.6       ]
 [0.73446328 0.67231638 0.63841808 0.72881356 0.82485876 0.68361582
  0.72881356 0.76836158 0.71186441 0.63841808]
 [0.75598086 0.81818182 0.71770335 0.83732057 0.79425837 0.8277512
  0.71291866 0.72248804 0.72248804 0.75598086]
 [0.81818182 0.77272727 0.77272727 0.74793388 0.75206612 0.69421488
  0.84297521 0.85123967 0.76446281 0.70661157]
 [0.82846715 0.75182482 0.78467153 0.77737226 0.80656934 0.80291971
  0.86861314 0.80656934 0.75547445 0.75182482]
 [0.82352941 0.80065359 0.83986928 0.79411765 0.84313725 0.83660131
  0.80392157 0.7745098  0.76470588 0.85620915]
 [0.77876106 0.82890855 0.88495575 0.85840708 0.73451327 0.79056047
  0.83775811 0.83775811 0.76106195 0.7699115 ]
 [0.86522911 0.82479784 0.82749326 0.73584906 0.83018868 0.78706199
  0.86792453 0.82749326 0.80053908 0.7574124 ]
 [0.79404467 0.80645161 0.79652605 0.79156328 0.76426799 0.84119107
  0.81141439 0.84119107 0.79156328 0.808933  ]
 [0.86666667 0.8183908  0.8183908  0.8        0.84137931 0.83218391
  0.89655172 0.85287356 0.82758621 0.84367816]
 [0.84401709 0.82051282 0.79273504 0.75641026 0.79700855 0.83119658
  0.85470085 0.86538462 0.83119658 0.82905983]
 [0.888      0.782      0.83       0.8        0.82       0.858
  0.806      0.882      0.874      0.842     ]
 [0.85150376 0.84022556 0.81954887 0.81015038 0.81203008 0.85714286
  0.82518797 0.85526316 0.83082707 0.84022556]
 [0.81946903 0.85132743 0.84070796 0.84778761 0.82654867 0.85132743
  0.88495575 0.79646018 0.89380531 0.79646018]
 [0.82914573 0.87437186 0.85427136 0.8358459  0.85929648 0.84757119
  0.84589615 0.85259631 0.82077052 0.82747069]
 [0.87758347 0.86486486 0.86168521 0.86804452 0.82670906 0.85214626
  0.85532591 0.85214626 0.86168521 0.86168521]
 [0.87915408 0.87462236 0.8836858  0.86555891 0.86555891 0.8836858
  0.87462236 0.85649547 0.87915408 0.85347432]
 [0.87319885 0.89481268 0.87175793 0.88616715 0.83717579 0.85590778
  0.90778098 0.89048991 0.86887608 0.87896254]
 [0.84022039 0.87052342 0.90220386 0.86914601 0.87190083 0.86225895
  0.88292011 0.85950413 0.8553719  0.85674931]
 [0.8629776  0.87615283 0.89064559 0.84848485 0.89064559 0.88274045
  0.87615283 0.87747036 0.85770751 0.84980237]
 [0.87231353 0.88242731 0.86599241 0.84702908 0.85840708 0.87484197
  0.86725664 0.87989886 0.87737042 0.86978508]
 [0.86269745 0.86026731 0.87363305 0.84204131 0.86755772 0.86026731
  0.87484812 0.88821385 0.88335358 0.89064399]
 [0.87017544 0.87134503 0.89239766 0.87953216 0.85497076 0.86432749
  0.84795322 0.89122807 0.86666667 0.87836257]
 [0.90202703 0.85923423 0.87274775 0.89076577 0.83220721 0.87837838
  0.85810811 0.8795045  0.88063063 0.83445946]
 [0.87826087 0.87391304 0.88043478 0.84673913 0.86413043 0.87608696
  0.88369565 0.85652174 0.87282609 0.86630435]
 [0.88130252 0.87079832 0.87394958 0.88760504 0.88235294 0.87394958
  0.89180672 0.8802521  0.8960084  0.84348739]
 [0.85685279 0.9035533  0.89340102 0.87005076 0.88121827 0.85583756
  0.88324873 0.86091371 0.87411168 0.88629442]
 [0.88495575 0.88593904 0.88593904 0.87708948 0.88397247 0.88987217
  0.87708948 0.87020649 0.86037365 0.85545723]
 [0.87225929 0.89609152 0.89132507 0.8465205  0.87893232 0.89609152
  0.88560534 0.87893232 0.8970448  0.87893232]
 [0.88632163 0.88354898 0.88077634 0.86321627 0.89279113 0.84842884
  0.9038817  0.89186691 0.88170055 0.88262477]
 [0.88599641 0.91561939 0.87881508 0.87971275 0.87791741 0.89497307
  0.87701975 0.90035907 0.86804309 0.86894075]
 [0.89703316 0.86125654 0.88394415 0.86474695 0.89790576 0.88219895
  0.90750436 0.87958115 0.87521815 0.87347295]
 [0.89312977 0.88634436 0.8778626  0.88719254 0.85920271 0.89228159
  0.88464801 0.88379983 0.87446989 0.86853265]
 [0.89099917 0.90008258 0.89099917 0.89182494 0.86209744 0.88769612
  0.87696119 0.8654005  0.86870355 0.86787779]
 [0.89541432 0.91954948 0.8616251  0.87771521 0.88173773 0.88495575
  0.85438455 0.8616251  0.8930008  0.87208367]
 [0.89960784 0.88705882 0.88627451 0.88941176 0.86352941 0.88862745
  0.88862745 0.88627451 0.87372549 0.88392157]
 [0.882263   0.87844037 0.87003058 0.85244648 0.88302752 0.89143731
  0.87767584 0.86850153 0.882263   0.86926606]
 [0.8880597  0.89402985 0.88358209 0.87164179 0.87686567 0.90074627
  0.87835821 0.89552239 0.89626866 0.88208955]
 [0.8819242  0.88921283 0.88556851 0.86661808 0.8680758  0.90962099
  0.86443149 0.87026239 0.88046647 0.89431487]
 [0.87117438 0.86903915 0.88113879 0.89537367 0.85907473 0.90035587
  0.87330961 0.87829181 0.8797153  0.88469751]
 [0.86290884 0.90814196 0.86847599 0.89074461 0.88656924 0.90048713
  0.90118302 0.88308977 0.89770355 0.8914405 ]
 [0.88427502 0.87066031 0.89516678 0.87202178 0.88631722 0.89993193
  0.90537781 0.89312457 0.89516678 0.90197413]
 [0.88015979 0.88215712 0.89280959 0.86551265 0.87616511 0.89680426
  0.89414115 0.88215712 0.88681758 0.88681758]
 [0.89830508 0.88852673 0.86897001 0.88135593 0.90221643 0.89178618
  0.88852673 0.90286832 0.88852673 0.87353325]
 [0.88952746 0.8908046  0.87547893 0.87994891 0.8844189  0.88378033
  0.90485313 0.88505747 0.87037037 0.87867178]
 [0.90869293 0.88993121 0.90494059 0.87367104 0.8836773  0.88680425
  0.88993121 0.89243277 0.8974359  0.89118199]]

[[0.0875 0.1025 0.0875 0.0775 0.11   0.11   0.11   0.1225 0.0775 0.095 ]
 [0.0875 0.1025 0.065  0.0925 0.12   0.07   0.11   0.0875 0.1075 0.0875]
 [0.455  0.3675 0.35   0.3875 0.32   0.4025 0.4075 0.44   0.28   0.465 ]
 [0.485  0.3725 0.35   0.445  0.39   0.43   0.4025 0.27   0.4075 0.3425]
 [0.4675 0.48   0.55   0.4675 0.48   0.5    0.385  0.4375 0.56   0.38  ]
 [0.5225 0.4775 0.4025 0.5775 0.54   0.4675 0.5075 0.4975 0.475  0.4375]
 [0.54   0.5675 0.575  0.5825 0.5475 0.6125 0.505  0.4675 0.54   0.52  ]
 [0.6275 0.4675 0.4925 0.5325 0.5425 0.4675 0.53   0.565  0.5175 0.5325]
 [0.5625 0.5375 0.5375 0.54   0.5925 0.55   0.595  0.49   0.545  0.515 ]
 [0.57   0.5825 0.6125 0.5325 0.58   0.5825 0.5425 0.5625 0.58   0.605 ]
 [0.5725 0.56   0.635  0.605  0.515  0.6275 0.5375 0.6475 0.555  0.5675]
 [0.6575 0.5725 0.6325 0.525  0.5875 0.5975 0.5675 0.595  0.5675 0.5725]
 [0.6025 0.55   0.6075 0.5675 0.605  0.65   0.6375 0.545  0.5575 0.615 ]
 [0.61   0.5875 0.5875 0.5925 0.55   0.5825 0.6375 0.62   0.6375 0.6375]
 [0.6225 0.615  0.58   0.57   0.5525 0.6325 0.6125 0.595  0.625  0.6325]
 [0.685  0.5775 0.6275 0.625  0.55   0.6425 0.565  0.6275 0.635  0.65  ]
 [0.6875 0.5825 0.575  0.6225 0.5275 0.6075 0.605  0.62   0.625  0.6325]
 [0.645  0.615  0.61   0.63   0.575  0.6475 0.5825 0.5625 0.66   0.5825]
 [0.635  0.5875 0.63   0.6225 0.6325 0.68   0.615  0.6525 0.5875 0.575 ]
 [0.655  0.6075 0.64   0.665  0.6475 0.62   0.5775 0.63   0.6325 0.685 ]
 [0.6775 0.63   0.6625 0.6775 0.655  0.7025 0.6375 0.615  0.6475 0.6525]
 [0.655  0.69   0.665  0.6875 0.6    0.635  0.64   0.66   0.6475 0.625 ]
 [0.635  0.65   0.6875 0.6775 0.615  0.6425 0.6425 0.6075 0.6275 0.655 ]
 [0.615  0.6575 0.6575 0.6625 0.6375 0.67   0.6275 0.635  0.605  0.63  ]
 [0.6575 0.6025 0.635  0.625  0.6525 0.6325 0.635  0.6525 0.6575 0.6775]
 [0.685  0.625  0.7    0.6575 0.685  0.645  0.6675 0.605  0.6375 0.7025]
 [0.63   0.65   0.6775 0.74   0.6425 0.68   0.655  0.625  0.645  0.65  ]
 [0.72   0.625  0.69   0.685  0.6775 0.6725 0.68   0.6175 0.6125 0.6475]
 [0.67   0.6625 0.67   0.67   0.6525 0.6675 0.6625 0.6525 0.64   0.6925]
 [0.7225 0.5825 0.6775 0.685  0.66   0.6275 0.6375 0.65   0.615  0.645 ]
 [0.695  0.7    0.69   0.6875 0.6575 0.6925 0.65   0.6375 0.6475 0.6875]
 [0.715  0.635  0.69   0.6725 0.7025 0.6825 0.6525 0.6525 0.6625 0.635 ]
 [0.68   0.66   0.66   0.65   0.6875 0.65   0.675  0.675  0.6925 0.7075]
 [0.6725 0.635  0.6775 0.6625 0.6425 0.7075 0.6725 0.635  0.675  0.71  ]
 [0.6875 0.69   0.6825 0.705  0.65   0.6875 0.6475 0.625  0.655  0.6975]
 [0.695  0.6375 0.705  0.69   0.6875 0.6675 0.6725 0.655  0.6925 0.6775]
 [0.685  0.68   0.6725 0.705  0.665  0.665  0.6675 0.675  0.695  0.6825]
 [0.7175 0.7425 0.7    0.7125 0.69   0.7075 0.665  0.6575 0.6875 0.66  ]
 [0.7    0.715  0.67   0.7075 0.67   0.66   0.6375 0.62   0.6675 0.67  ]
 [0.6875 0.6775 0.6575 0.6975 0.6775 0.7025 0.7    0.68   0.6375 0.6825]
 [0.7    0.6375 0.6725 0.685  0.6925 0.6975 0.665  0.64   0.6775 0.685 ]
 [0.69   0.675  0.7225 0.6825 0.6825 0.6825 0.685  0.6825 0.6575 0.6825]
 [0.6675 0.6575 0.6575 0.7    0.68   0.7075 0.64   0.67   0.69   0.685 ]
 [0.6725 0.705  0.7075 0.715  0.6825 0.7225 0.67   0.6375 0.68   0.6825]
 [0.6975 0.68   0.66   0.72   0.665  0.6825 0.6675 0.685  0.6775 0.6625]
 [0.7225 0.675  0.6825 0.7025 0.7025 0.7075 0.665  0.6775 0.695  0.6775]
 [0.71   0.6525 0.685  0.7125 0.6825 0.6925 0.68   0.6575 0.655  0.695 ]
 [0.695  0.68   0.67   0.715  0.7    0.7025 0.69   0.6575 0.71   0.6975]
 [0.715  0.6475 0.7125 0.7275 0.6525 0.7    0.685  0.675  0.665  0.67  ]
 [0.6725 0.705  0.73   0.6825 0.685  0.685  0.7    0.715  0.6875 0.6975]]