[1, 3, 5, 7, 9, 11, 13, 15, 17, 19, 21, 23, 25, 27, 29, 31, 33, 35, 37, 39]

[[1.         1.         1.         1.         1.         1.
  1.         1.         1.         1.        ]
 [0.93245779 0.9380863  0.94308943 0.93746091 0.93746091 0.9380863
  0.92808005 0.93245779 0.93683552 0.9318324 ]
 [0.89305816 0.90494059 0.8974359  0.8905566  0.89868668 0.89806129
  0.89368355 0.89993746 0.89368355 0.89430894]
 [0.86053784 0.86616635 0.86741714 0.86366479 0.86679174 0.86554096
  0.86178862 0.86366479 0.87742339 0.86491557]
 [0.84052533 0.85428393 0.8424015  0.84552846 0.8492808  0.85428393
  0.8492808  0.84552846 0.85115697 0.84365228]
 [0.82989368 0.8286429  0.8286429  0.8286429  0.83677298 0.8355222
  0.82989368 0.82989368 0.8424015  0.83739837]
 [0.81738587 0.82551595 0.82238899 0.81676048 0.82426517 0.82426517
  0.82551595 0.82614134 0.82739212 0.81738587]
 [0.80175109 0.81363352 0.81550969 0.80237649 0.81050657 0.81863665
  0.81363352 0.8148843  0.81300813 0.80612883]
 [0.79862414 0.80737961 0.80362727 0.79487179 0.80237649 0.80737961
  0.80175109 0.79549719 0.79737336 0.79799875]
 [0.79049406 0.79612258 0.78361476 0.7879925  0.79549719 0.79737336
  0.79799875 0.79174484 0.79487179 0.79487179]
 [0.78861789 0.78924328 0.7742339  0.78674171 0.78674171 0.79487179
  0.79237023 0.78298937 0.78424015 0.79237023]
 [0.77110694 0.78424015 0.77298311 0.78236398 0.7873671  0.78861789
  0.78861789 0.77923702 0.77360851 0.79049406]
 [0.77298311 0.77485929 0.76985616 0.77923702 0.78674171 0.7879925
  0.77736085 0.76610381 0.76235147 0.78424015]
 [0.76610381 0.77360851 0.76923077 0.77798624 0.77673546 0.77235772
  0.77048155 0.7673546  0.75922452 0.77235772]
 [0.76235147 0.77235772 0.76860538 0.7742339  0.77548468 0.77110694
  0.76797999 0.76610381 0.75609756 0.76360225]
 [0.75984991 0.76797999 0.75672295 0.76923077 0.77235772 0.76923077
  0.76610381 0.76547842 0.75609756 0.76235147]
 [0.75046904 0.75984991 0.75484678 0.76485303 0.76172608 0.76672921
  0.76297686 0.7604753  0.75797373 0.76110069]
 [0.74546592 0.75797373 0.74921826 0.75922452 0.753596   0.76422764
  0.75672295 0.753596   0.75109443 0.75922452]
 [0.74484053 0.75609756 0.74546592 0.75422139 0.753596   0.75171982
  0.75484678 0.74984365 0.74421513 0.75609756]
 [0.74609131 0.753596   0.73671044 0.74609131 0.74546592 0.74859287
  0.75109443 0.74859287 0.73733583 0.753596  ]]

[[0.74   0.67   0.7125 0.725  0.6675 0.6975 0.6925 0.68   0.71   0.675 ]
 [0.735  0.695  0.71   0.7075 0.6975 0.685  0.665  0.69   0.695  0.68  ]
 [0.735  0.695  0.7    0.7175 0.7    0.6925 0.6675 0.685  0.7025 0.6775]
 [0.715  0.6725 0.7075 0.735  0.68   0.7075 0.6725 0.6925 0.7175 0.68  ]
 [0.7025 0.68   0.7075 0.725  0.68   0.71   0.68   0.7025 0.7    0.67  ]
 [0.7025 0.69   0.715  0.7125 0.67   0.7125 0.6775 0.6925 0.7275 0.67  ]
 [0.7275 0.695  0.7175 0.705  0.68   0.72   0.6775 0.6725 0.6925 0.6575]
 [0.7025 0.695  0.7225 0.6975 0.705  0.705  0.695  0.6575 0.69   0.6725]
 [0.7125 0.695  0.7225 0.71   0.6925 0.7    0.69   0.65   0.6725 0.6825]
 [0.7075 0.67   0.7225 0.7125 0.715  0.7025 0.7    0.6625 0.675  0.67  ]
 [0.72   0.6725 0.7075 0.71   0.72   0.7125 0.695  0.6675 0.6625 0.6775]
 [0.695  0.6825 0.7125 0.7025 0.7125 0.6975 0.6925 0.6775 0.655  0.6775]
 [0.7075 0.6675 0.7075 0.69   0.705  0.705  0.6925 0.6725 0.64   0.675 ]
 [0.7125 0.6675 0.695  0.69   0.7025 0.71   0.7025 0.6625 0.6475 0.66  ]
 [0.71   0.66   0.69   0.685  0.7    0.715  0.6975 0.6675 0.64   0.6575]
 [0.7075 0.6625 0.7    0.68   0.6925 0.7125 0.695  0.6625 0.64   0.665 ]
 [0.7225 0.6675 0.7    0.675  0.6775 0.71   0.6925 0.665  0.66   0.6775]
 [0.73   0.665  0.695  0.68   0.6925 0.7    0.6775 0.6725 0.665  0.67  ]
 [0.73   0.665  0.69   0.675  0.6925 0.69   0.68   0.67   0.6575 0.66  ]
 [0.725  0.6575 0.7    0.7025 0.69   0.69   0.69   0.6675 0.675  0.655 ]]