[1, 3, 5, 7, 9, 11, 13, 15, 17, 19, 21, 23, 25, 27, 29, 31, 33, 35, 37, 39]

[[0.21388368 0.20262664 0.2057536  0.2120075  0.20950594 0.2057536
  0.20825516 0.20325203 0.20950594 0.20512821]
 [0.52157598 0.52908068 0.52657911 0.51031895 0.53033146 0.53033146
  0.52157598 0.53283302 0.48780488 0.53658537]
 [0.72295184 0.73796123 0.72170106 0.72107567 0.73358349 0.73921201
  0.7398374  0.73233271 0.70606629 0.74296435]
 [0.75797373 0.77110694 0.75922452 0.76610381 0.77048155 0.78361476
  0.77673546 0.76297686 0.75171982 0.77360851]
 [0.77298311 0.77485929 0.76985616 0.77923702 0.77861163 0.7879925
  0.77736085 0.76610381 0.76235147 0.78424015]
 [0.77298311 0.77485929 0.76985616 0.77923702 0.78674171 0.7879925
  0.77736085 0.76610381 0.76235147 0.78424015]
 [0.77298311 0.77485929 0.76985616 0.77923702 0.78674171 0.7879925
  0.77736085 0.76610381 0.76235147 0.78424015]
 [0.77298311 0.77485929 0.76985616 0.77923702 0.78674171 0.7879925
  0.77736085 0.76610381 0.76235147 0.78424015]
 [0.77298311 0.77485929 0.76985616 0.77923702 0.78674171 0.7879925
  0.77736085 0.76610381 0.76235147 0.78424015]
 [0.77298311 0.77485929 0.76985616 0.77923702 0.78674171 0.7879925
  0.77736085 0.76610381 0.76235147 0.78424015]
 [0.77298311 0.77485929 0.76985616 0.77923702 0.78674171 0.7879925
  0.77736085 0.76610381 0.76235147 0.78424015]
 [0.77298311 0.77485929 0.76985616 0.77923702 0.78674171 0.7879925
  0.77736085 0.76610381 0.76235147 0.78424015]
 [0.77298311 0.77485929 0.76985616 0.77923702 0.78674171 0.7879925
  0.77736085 0.76610381 0.76235147 0.78424015]
 [0.77298311 0.77485929 0.76985616 0.77923702 0.78674171 0.7879925
  0.77736085 0.76610381 0.76235147 0.78424015]
 [0.77298311 0.77485929 0.76985616 0.77923702 0.78674171 0.7879925
  0.77736085 0.76610381 0.76235147 0.78424015]
 [0.77298311 0.77485929 0.76985616 0.77923702 0.78674171 0.7879925
  0.77736085 0.76610381 0.76235147 0.78424015]
 [0.77298311 0.77485929 0.76985616 0.77923702 0.78674171 0.7879925
  0.77736085 0.76610381 0.76235147 0.78424015]
 [0.77298311 0.77485929 0.76985616 0.77923702 0.78674171 0.7879925
  0.77736085 0.76610381 0.76235147 0.78424015]
 [0.77298311 0.77485929 0.76985616 0.77923702 0.78674171 0.7879925
  0.77736085 0.76610381 0.76235147 0.78424015]
 [0.77298311 0.77485929 0.76985616 0.77923702 0.78674171 0.7879925
  0.77736085 0.76610381 0.76235147 0.78424015]]

[[0.1775 0.2225 0.1775 0.17   0.195  0.21   0.2    0.2    0.1725 0.1925]
 [0.505  0.5225 0.5375 0.5025 0.52   0.505  0.5375 0.5125 0.435  0.4875]
 [0.71   0.66   0.7275 0.67   0.695  0.705  0.6975 0.6625 0.665  0.665 ]
 [0.71   0.6625 0.695  0.6825 0.7025 0.7    0.695  0.6675 0.655  0.665 ]
 [0.7075 0.6675 0.7075 0.6925 0.7025 0.705  0.6925 0.6725 0.64   0.67  ]
 [0.7075 0.6675 0.7075 0.6925 0.705  0.705  0.6925 0.6725 0.64   0.67  ]
 [0.7075 0.6675 0.7075 0.6925 0.705  0.705  0.6925 0.6725 0.64   0.6725]
 [0.7075 0.6675 0.7075 0.69   0.705  0.705  0.6925 0.6725 0.64   0.665 ]
 [0.7075 0.6675 0.7075 0.69   0.705  0.705  0.6925 0.6725 0.64   0.665 ]
 [0.7075 0.6675 0.7075 0.69   0.705  0.705  0.6925 0.6725 0.64   0.675 ]
 [0.7075 0.6675 0.7075 0.69   0.705  0.705  0.6925 0.6725 0.64   0.67  ]
 [0.7075 0.6675 0.7075 0.69   0.705  0.705  0.6925 0.6725 0.64   0.67  ]
 [0.7075 0.6675 0.7075 0.6925 0.705  0.705  0.6925 0.6725 0.64   0.6725]
 [0.7075 0.6675 0.7075 0.69   0.705  0.705  0.6925 0.6725 0.64   0.67  ]
 [0.7075 0.6675 0.7075 0.6925 0.705  0.705  0.6925 0.6725 0.64   0.67  ]
 [0.7075 0.6675 0.7075 0.6925 0.705  0.705  0.6925 0.6725 0.64   0.665 ]
 [0.7075 0.6675 0.7075 0.6925 0.705  0.705  0.6925 0.6725 0.64   0.67  ]
 [0.7075 0.6675 0.7075 0.6925 0.705  0.705  0.6925 0.6725 0.64   0.67  ]
 [0.7075 0.6675 0.7075 0.6925 0.705  0.705  0.6925 0.6725 0.64   0.67  ]
 [0.7075 0.6675 0.7075 0.6925 0.705  0.705  0.6925 0.6725 0.64   0.67  ]]