[  0.01   1.12   2.23   3.34   4.45   5.56   6.67   7.78   8.89  10.  ]

[[ 0.12070044  0.11382114  0.10881801  0.11882427  0.19762351  0.10881801
   0.11694809  0.11257036  0.11319575  0.11382114]
 [ 0.91369606  0.91307067  0.91432145  0.92120075  0.91619762  0.91682301
   0.91494684  0.91869919  0.91619762  0.91494684]
 [ 0.96247655  0.95934959  0.95997498  0.96247655  0.9587242   0.96372733
   0.96185116  0.96247655  0.95747342  0.95747342]
 [ 0.97748593  0.97998749  0.97998749  0.97686054  0.97873671  0.97748593
   0.97748593  0.98186366  0.97623515  0.97498437]
 [ 0.98686679  0.98874296  0.98686679  0.98686679  0.98686679  0.9862414
   0.98936836  0.9862414   0.98499062  0.98686679]
 [ 0.98936836  0.99249531  0.99249531  0.99186992  0.99061914  0.99061914
   0.99186992  0.99186992  0.99124453  0.99061914]
 [ 0.99374609  0.99374609  0.99437148  0.9931207   0.99499687  0.99186992
   0.99437148  0.99249531  0.99249531  0.99437148]
 [ 0.99624765  0.99624765  0.99687305  0.99499687  0.99562226  0.99437148
   0.99624765  0.99562226  0.99624765  0.99687305]
 [ 0.99687305  0.99749844  0.99687305  0.99687305  0.99687305  0.99624765
   0.99687305  0.99624765  0.99749844  0.99812383]
 [ 0.99812383  0.99812383  0.99812383  0.99812383  0.99749844  0.99749844
   0.99812383  0.99687305  0.99812383  0.99812383]]

[[ 0.0925  0.105   0.085   0.085   0.1825  0.1075  0.0975  0.0925  0.065
   0.0875]
 [ 0.8225  0.8075  0.815   0.8225  0.8225  0.81    0.79    0.7925  0.8125
   0.825 ]
 [ 0.84    0.8125  0.8225  0.83    0.8475  0.8225  0.8125  0.8075  0.81
   0.835 ]
 [ 0.8375  0.815   0.8225  0.8325  0.84    0.82    0.825   0.825   0.825
   0.835 ]
 [ 0.8375  0.815   0.83    0.8275  0.8325  0.8325  0.83    0.8175  0.825
   0.84  ]
 [ 0.835   0.815   0.835   0.82    0.825   0.83    0.83    0.8175  0.8225
   0.8375]
 [ 0.83    0.81    0.8325  0.82    0.8275  0.8275  0.83    0.8075  0.825
   0.8375]
 [ 0.8275  0.81    0.83    0.8275  0.8275  0.8175  0.8275  0.81    0.8225
   0.8425]
 [ 0.83    0.81    0.83    0.825   0.83    0.8225  0.8225  0.8175  0.8225
   0.8425]
 [ 0.8275  0.8075  0.83    0.825   0.8275  0.8175  0.8225  0.82    0.8225
   0.84  ]]